cografo_n100_k50 693.6 4.34051 4.59463e+07 1.20386e+07
aleatorio_subgrafo_n150_c025 1323.3 18.4231 4.89919e+09 2.12778e+09
aleatorio_subgrafo_n150_c050 3657.4 14.6574 1.48776e+10 3.13822e+09
aleatorio_subgrafo_n150_c075 7103.2 20.1435 3.08809e+10 8.09355e+09
arbol_subgrafo_n150 68.7 5.98415 9.64652e+07 1.93604e+07
ciclo_subgrafo_n150 122.3 1.26886 3.54343e+07 1.26708e+06
aleatorio_bipartito_vs_completo_n150_k150_c050 5647 0 9.26064e+06 909390
aleatorio_bipartito_vs_completo_n500_k500_c050 62664 0 1.01188e+08 8.32002e+06
bosque_vs_completo_n500_d10 57 0 2.47638e+06 671996
aleatorio_vs_completo_n500_d10_c050 666 0 6.14536e+06 1.06683e+06
aleatorio_vs_completo_n1000_d10_c050 2548 0 2.32528e+07 1.1979e+06
