100 1256 200 5041
0 2
0 4
0 9
0 11
0 18
0 29
0 35
0 39
0 40
0 41
0 48
0 61
0 64
0 68
0 71
0 75
0 80
0 89
0 90
0 94
0 95
1 3
1 4
1 8
1 10
1 13
1 17
1 19
1 23
1 24
1 28
1 33
1 35
1 36
1 40
1 41
1 46
1 48
1 54
1 56
1 70
1 73
1 82
1 83
1 86
1 91
1 93
1 95
2 4
2 15
2 24
2 29
2 31
2 41
2 42
2 43
2 47
2 50
2 52
2 53
2 55
2 56
2 63
2 67
2 69
2 79
2 81
2 82
2 90
2 97
3 5
3 6
3 8
3 14
3 18
3 23
3 28
3 32
3 34
3 39
3 40
3 41
3 42
3 44
3 45
3 46
3 53
3 55
3 57
3 64
3 76
3 77
3 80
3 84
3 91
3 92
3 95
4 6
4 9
4 10
4 26
4 27
4 31
4 37
4 56
4 57
4 59
4 65
4 69
4 76
4 79
4 80
4 84
4 98
5 6
5 10
5 14
5 22
5 24
5 32
5 36
5 41
5 43
5 45
5 46
5 48
5 49
5 52
5 55
5 67
5 68
5 76
5 80
5 82
5 94
5 98
6 8
6 10
6 13
6 15
6 16
6 19
6 20
6 23
6 25
6 28
6 37
6 41
6 49
6 50
6 51
6 64
6 65
6 67
6 68
6 71
6 90
6 95
7 8
7 9
7 21
7 22
7 26
7 28
7 32
7 38
7 39
7 40
7 44
7 50
7 53
7 59
7 66
7 67
7 76
7 80
7 88
7 97
7 98
7 99
8 14
8 15
8 26
8 32
8 36
8 40
8 41
8 43
8 46
8 51
8 52
8 57
8 59
8 67
8 68
8 74
8 87
8 89
8 92
8 94
8 97
8 99
9 10
9 16
9 17
9 19
9 33
9 34
9 35
9 42
9 48
9 49
9 51
9 55
9 60
9 62
9 67
9 69
9 70
9 72
9 75
9 84
9 86
9 87
9 88
9 90
9 91
9 92
9 95
9 96
9 98
10 13
10 15
10 20
10 29
10 31
10 32
10 34
10 35
10 37
10 39
10 40
10 41
10 42
10 43
10 44
10 49
10 58
10 63
10 67
10 71
10 74
10 75
10 78
10 85
10 89
10 93
10 94
10 95
11 19
11 23
11 28
11 29
11 31
11 35
11 45
11 48
11 53
11 58
11 60
11 66
11 76
11 78
11 87
11 88
11 89
11 92
11 96
11 98
12 16
12 19
12 21
12 23
12 32
12 33
12 35
12 42
12 43
12 49
12 52
12 55
12 58
12 60
12 62
12 77
12 78
12 79
12 81
12 82
12 84
12 89
12 92
12 98
12 99
13 17
13 22
13 25
13 30
13 32
13 37
13 38
13 40
13 41
13 45
13 48
13 49
13 50
13 53
13 58
13 59
13 60
13 64
13 65
13 66
13 71
13 76
13 80
13 87
13 88
13 90
13 91
13 92
13 93
13 94
13 97
13 98
14 18
14 34
14 35
14 36
14 40
14 41
14 44
14 45
14 54
14 55
14 59
14 66
14 69
14 71
14 75
14 79
14 82
14 83
14 91
15 17
15 27
15 29
15 30
15 34
15 36
15 37
15 40
15 41
15 43
15 44
15 45
15 51
15 54
15 66
15 69
15 71
15 76
15 77
15 78
15 81
15 83
15 87
15 88
15 92
15 93
15 95
15 96
15 98
16 18
16 24
16 25
16 27
16 29
16 34
16 36
16 41
16 43
16 46
16 49
16 52
16 59
16 60
16 64
16 65
16 72
16 73
16 77
16 83
16 84
16 88
16 90
17 19
17 23
17 27
17 35
17 37
17 46
17 53
17 65
17 72
17 73
17 82
17 84
17 88
17 91
17 95
17 98
18 28
18 29
18 30
18 34
18 35
18 38
18 40
18 41
18 42
18 43
18 44
18 52
18 55
18 57
18 58
18 71
18 82
18 91
18 92
18 93
18 95
18 98
19 28
19 32
19 38
19 39
19 41
19 44
19 48
19 49
19 52
19 60
19 70
19 78
19 79
19 87
19 93
19 94
19 95
19 96
19 99
20 23
20 25
20 31
20 32
20 40
20 43
20 45
20 47
20 51
20 55
20 56
20 60
20 65
20 69
20 72
20 73
20 75
20 77
20 78
20 85
20 88
20 90
20 95
20 96
21 22
21 23
21 25
21 27
21 28
21 39
21 40
21 42
21 43
21 54
21 56
21 58
21 59
21 60
21 62
21 66
21 71
21 72
21 78
21 83
21 90
21 91
21 98
22 26
22 27
22 29
22 37
22 39
22 40
22 43
22 44
22 52
22 54
22 55
22 57
22 60
22 61
22 66
22 75
22 79
22 83
22 91
22 93
23 26
23 27
23 31
23 37
23 38
23 39
23 40
23 56
23 60
23 62
23 65
23 68
23 73
23 78
23 81
23 84
23 87
23 97
24 29
24 36
24 39
24 40
24 42
24 45
24 49
24 52
24 54
24 56
24 63
24 66
24 67
24 68
24 78
24 86
24 88
24 91
24 99
25 43
25 44
25 45
25 48
25 50
25 56
25 60
25 64
25 66
25 69
25 81
25 93
25 94
25 98
26 28
26 33
26 34
26 36
26 49
26 53
26 58
26 63
26 67
26 68
26 70
26 72
26 78
26 86
26 87
26 88
26 96
26 98
27 33
27 41
27 43
27 45
27 48
27 50
27 52
27 60
27 61
27 62
27 64
27 77
27 85
27 87
27 99
28 29
28 31
28 32
28 35
28 37
28 38
28 42
28 48
28 50
28 51
28 56
28 64
28 69
28 72
28 75
28 77
28 78
28 95
28 96
28 99
29 38
29 44
29 46
29 58
29 65
29 71
29 81
29 95
30 31
30 42
30 43
30 45
30 47
30 53
30 57
30 59
30 61
30 62
30 63
30 66
30 71
30 75
30 80
30 86
30 91
30 97
30 99
31 37
31 39
31 41
31 42
31 43
31 44
31 51
31 52
31 55
31 56
31 60
31 61
31 63
31 68
31 69
31 72
31 74
31 76
31 78
31 86
31 88
31 89
31 96
31 97
31 98
32 35
32 39
32 44
32 46
32 49
32 54
32 55
32 58
32 59
32 60
32 67
32 72
32 73
32 79
32 82
32 86
32 88
32 89
32 99
33 35
33 39
33 40
33 49
33 51
33 60
33 62
33 64
33 67
33 72
33 73
33 75
33 77
33 83
33 84
33 91
33 97
34 35
34 42
34 47
34 48
34 63
34 68
34 69
34 72
34 78
34 80
34 81
34 82
34 95
34 97
35 38
35 39
35 40
35 44
35 45
35 53
35 60
35 62
35 67
35 72
35 73
35 80
35 82
35 83
35 87
35 96
35 99
36 39
36 40
36 41
36 52
36 58
36 62
36 65
36 68
36 70
36 74
36 77
36 81
36 84
36 88
36 89
36 93
36 99
37 38
37 41
37 43
37 44
37 45
37 51
37 53
37 55
37 69
37 75
37 76
37 77
37 80
37 87
37 91
37 96
38 49
38 51
38 52
38 54
38 70
38 77
38 80
38 81
38 82
38 84
38 85
38 87
38 89
38 91
38 93
39 40
39 45
39 48
39 53
39 58
39 62
39 64
39 65
39 66
39 71
39 75
39 78
39 81
39 82
39 83
40 44
40 45
40 47
40 54
40 58
40 65
40 66
40 67
40 70
40 76
40 78
40 80
40 81
40 82
40 83
40 86
40 98
41 44
41 47
41 56
41 62
41 66
41 72
41 76
41 82
41 86
41 88
41 92
41 97
42 47
42 48
42 49
42 51
42 54
42 55
42 56
42 59
42 66
42 70
42 71
42 74
42 82
42 83
42 89
42 90
42 92
42 98
43 44
43 47
43 56
43 58
43 59
43 64
43 70
43 72
43 75
43 82
43 85
43 86
43 87
43 88
43 90
44 48
44 60
44 61
44 62
44 63
44 68
44 70
44 72
44 73
44 75
44 78
44 79
44 80
44 91
44 95
45 60
45 64
45 67
45 68
45 69
45 71
45 77
45 80
45 84
45 85
45 89
45 93
45 95
45 96
46 49
46 51
46 52
46 57
46 64
46 67
46 68
46 71
46 72
46 74
46 83
46 84
46 86
46 91
46 92
46 93
46 94
47 52
47 54
47 62
47 65
47 66
47 76
47 78
47 79
47 81
47 82
47 85
47 87
47 90
48 52
48 54
48 55
48 56
48 64
48 65
48 67
48 70
48 71
48 79
48 81
48 85
48 89
48 91
48 95
49 54
49 62
49 65
49 72
49 80
49 81
49 93
50 56
50 62
50 64
50 77
50 79
50 83
50 86
50 87
50 89
50 90
50 93
50 94
50 96
50 99
51 53
51 65
51 66
51 67
51 70
51 72
51 74
51 76
51 79
51 94
51 96
51 97
52 56
52 60
52 68
52 70
52 71
52 83
52 89
52 93
53 60
53 63
53 64
53 65
53 74
53 77
53 80
53 82
53 88
53 91
53 95
54 58
54 63
54 67
54 69
54 71
54 72
54 73
54 75
54 85
54 86
54 89
54 96
55 57
55 63
55 65
55 68
55 70
55 72
55 77
55 83
55 85
55 90
55 96
56 60
56 61
56 65
56 66
56 70
56 71
56 77
56 80
56 81
56 85
56 86
56 96
57 59
57 60
57 62
57 66
57 67
57 73
57 78
57 79
57 81
57 84
57 89
57 92
57 93
57 95
57 96
58 62
58 63
58 67
58 68
58 71
58 78
58 81
58 89
58 90
58 92
59 64
59 65
59 67
59 75
59 77
59 81
59 83
59 85
59 86
59 89
59 92
59 95
59 98
60 62
60 68
60 70
60 79
60 93
60 94
61 62
61 71
61 74
61 75
61 76
61 80
61 85
61 90
61 97
62 70
62 72
62 73
62 82
62 87
62 89
62 90
62 95
62 97
62 98
63 64
63 72
63 75
63 76
63 84
63 85
63 89
63 94
63 95
64 72
64 74
64 80
64 85
64 88
65 69
65 72
65 76
65 77
65 80
65 81
65 84
65 95
65 98
66 68
66 70
66 73
66 86
66 93
66 96
66 98
67 73
67 74
67 80
67 94
68 69
68 82
68 88
68 94
69 79
69 80
69 85
69 93
69 96
70 77
70 82
70 85
70 87
70 93
70 94
70 99
71 76
71 78
71 81
71 83
71 88
71 89
71 90
71 92
71 94
71 96
72 73
72 75
72 76
72 77
72 79
72 82
72 83
72 84
72 91
72 95
73 74
73 76
73 79
73 86
73 87
73 90
73 98
73 99
74 75
74 78
74 83
74 92
75 80
75 83
75 90
75 93
76 81
76 85
76 88
76 94
76 95
76 97
76 99
77 85
77 86
77 87
77 98
77 99
78 79
78 82
78 99
79 90
79 91
79 92
79 95
79 96
79 98
80 84
80 97
81 86
81 94
81 99
82 83
82 85
82 86
82 88
82 93
82 94
84 88
84 89
84 90
84 93
84 97
85 86
85 89
85 96
86 87
86 89
86 96
86 97
86 99
87 89
87 91
87 92
87 93
87 95
88 94
89 91
89 94
89 95
89 98
90 92
90 94
90 97
90 98
91 95
91 96
91 99
93 96
94 95
96 97
96 99
97 99
0 2
0 4
0 9
0 11
0 18
0 29
0 35
0 39
0 40
0 41
0 48
0 61
0 64
0 68
0 71
0 75
0 80
0 89
0 90
0 94
0 95
0 105
0 106
0 114
0 115
0 118
0 124
0 128
0 130
0 131
0 138
0 153
0 155
0 169
0 172
0 180
0 182
0 183
0 189
0 194
0 196
1 3
1 4
1 8
1 10
1 13
1 17
1 19
1 23
1 24
1 28
1 33
1 35
1 36
1 40
1 41
1 46
1 48
1 54
1 56
1 70
1 73
1 82
1 83
1 86
1 91
1 93
1 95
1 103
1 109
1 110
1 111
1 119
1 120
1 134
1 135
1 136
1 138
1 139
1 141
1 144
1 145
1 147
1 153
1 159
1 162
1 164
1 165
1 169
1 172
1 181
1 182
1 184
1 186
1 187
1 188
1 198
1 200
2 4
2 15
2 24
2 29
2 31
2 41
2 42
2 43
2 47
2 50
2 52
2 53
2 55
2 56
2 63
2 67
2 69
2 79
2 81
2 82
2 90
2 97
2 101
2 105
2 107
2 111
2 112
2 114
2 120
2 131
2 133
2 136
2 152
2 153
2 155
2 174
2 175
2 179
2 185
2 186
2 188
2 200
3 5
3 6
3 8
3 14
3 18
3 23
3 28
3 32
3 34
3 39
3 40
3 41
3 42
3 44
3 45
3 46
3 53
3 55
3 57
3 64
3 76
3 77
3 80
3 84
3 91
3 92
3 95
3 103
3 115
3 118
3 136
3 138
3 140
3 153
3 154
3 155
3 157
3 160
3 162
3 171
3 174
3 179
3 184
3 185
3 188
3 191
3 194
3 195
4 6
4 9
4 10
4 26
4 27
4 31
4 37
4 56
4 57
4 59
4 65
4 69
4 76
4 79
4 80
4 84
4 98
4 108
4 110
4 111
4 112
4 114
4 115
4 117
4 120
4 125
4 132
4 138
4 139
4 142
4 143
4 153
4 158
4 176
4 177
4 187
4 188
4 189
4 198
4 200
5 6
5 10
5 14
5 22
5 24
5 32
5 36
5 41
5 43
5 45
5 46
5 48
5 49
5 52
5 55
5 67
5 68
5 76
5 80
5 82
5 94
5 98
5 102
5 103
5 104
5 110
5 112
5 119
5 120
5 121
5 123
5 125
5 126
5 129
5 131
5 140
5 146
5 147
5 149
5 154
5 166
5 168
5 171
5 173
5 184
5 185
5 190
5 191
5 192
5 196
5 198
6 8
6 10
6 13
6 15
6 16
6 19
6 20
6 23
6 25
6 28
6 37
6 41
6 49
6 50
6 51
6 64
6 65
6 67
6 68
6 71
6 90
6 95
6 101
6 103
6 112
6 113
6 114
6 115
6 124
6 129
6 131
6 133
6 134
6 136
6 139
6 140
6 143
6 144
6 150
6 152
6 155
6 157
6 159
6 163
6 169
6 182
6 188
6 193
6 200
7 8
7 9
7 21
7 22
7 26
7 28
7 32
7 38
7 39
7 40
7 44
7 50
7 53
7 59
7 66
7 67
7 76
7 80
7 88
7 97
7 98
7 99
7 102
7 109
7 111
7 125
7 129
7 130
7 131
7 134
7 136
7 137
7 145
7 152
7 155
7 156
7 160
7 162
7 164
7 165
7 169
7 170
7 176
7 180
7 183
7 193
7 199
8 14
8 15
8 26
8 32
8 36
8 40
8 41
8 43
8 46
8 51
8 52
8 57
8 59
8 67
8 68
8 74
8 87
8 89
8 92
8 94
8 97
8 99
8 108
8 111
8 112
8 116
8 118
8 120
8 128
8 135
8 136
8 138
8 140
8 144
8 148
8 159
8 160
8 175
8 178
8 183
8 184
8 186
8 187
8 189
8 190
8 199
9 10
9 16
9 17
9 19
9 33
9 34
9 35
9 42
9 48
9 49
9 51
9 55
9 60
9 62
9 67
9 69
9 70
9 72
9 75
9 84
9 86
9 87
9 88
9 90
9 91
9 92
9 95
9 96
9 98
9 104
9 109
9 116
9 123
9 125
9 131
9 132
9 133
9 136
9 145
9 151
9 152
9 157
9 159
9 165
9 174
9 177
9 181
9 182
9 195
9 197
9 200
10 13
10 15
10 20
10 29
10 31
10 32
10 34
10 35
10 37
10 39
10 40
10 41
10 42
10 43
10 44
10 49
10 58
10 63
10 67
10 71
10 74
10 75
10 78
10 85
10 89
10 93
10 94
10 95
10 101
10 103
10 107
10 122
10 123
10 126
10 127
10 128
10 135
10 139
10 140
10 146
10 147
10 153
10 154
10 156
10 158
10 161
10 180
10 185
10 188
10 189
10 192
10 193
11 19
11 23
11 28
11 29
11 31
11 35
11 45
11 48
11 53
11 58
11 60
11 66
11 76
11 78
11 87
11 88
11 89
11 92
11 96
11 98
11 112
11 113
11 114
11 120
11 123
11 126
11 140
11 141
11 142
11 143
11 148
11 150
11 153
11 163
11 165
11 167
11 171
11 174
11 176
11 178
11 180
11 181
11 183
11 186
11 189
11 193
11 194
12 16
12 19
12 21
12 23
12 32
12 33
12 35
12 42
12 43
12 49
12 52
12 55
12 58
12 60
12 62
12 77
12 78
12 79
12 81
12 82
12 84
12 89
12 92
12 98
12 99
12 106
12 111
12 130
12 134
12 135
12 136
12 137
12 146
12 163
12 164
12 168
12 171
12 172
12 175
12 179
12 181
12 182
12 186
12 190
12 192
12 198
13 17
13 22
13 25
13 30
13 32
13 37
13 38
13 40
13 41
13 45
13 48
13 49
13 50
13 53
13 58
13 59
13 60
13 64
13 65
13 66
13 71
13 76
13 80
13 87
13 88
13 90
13 91
13 92
13 93
13 94
13 97
13 98
13 106
13 114
13 116
13 120
13 121
13 122
13 123
13 126
13 132
13 139
13 144
13 152
13 156
13 157
13 163
13 166
13 167
13 168
13 171
13 172
13 186
13 187
13 193
13 194
14 18
14 34
14 35
14 36
14 40
14 41
14 44
14 45
14 54
14 55
14 59
14 66
14 69
14 71
14 75
14 79
14 82
14 83
14 91
14 102
14 103
14 104
14 105
14 106
14 107
14 109
14 119
14 120
14 122
14 123
14 127
14 128
14 129
14 130
14 132
14 135
14 137
14 140
14 142
14 143
14 146
14 155
14 156
14 165
14 170
14 172
14 176
14 180
14 189
14 191
14 195
14 196
14 198
15 17
15 27
15 29
15 30
15 34
15 36
15 37
15 40
15 41
15 43
15 44
15 45
15 51
15 54
15 66
15 69
15 71
15 76
15 77
15 78
15 81
15 83
15 87
15 88
15 92
15 93
15 95
15 96
15 98
15 101
15 102
15 104
15 107
15 108
15 111
15 121
15 123
15 131
15 136
15 137
15 140
15 145
15 146
15 157
15 159
15 171
15 173
15 182
15 184
15 185
15 187
15 189
15 190
15 200
16 18
16 24
16 25
16 27
16 29
16 34
16 36
16 41
16 43
16 46
16 49
16 52
16 59
16 60
16 64
16 65
16 72
16 73
16 77
16 83
16 84
16 88
16 90
16 118
16 119
16 122
16 123
16 129
16 130
16 132
16 133
16 134
16 135
16 137
16 150
16 158
16 166
16 168
16 169
16 171
16 172
16 175
16 187
16 189
17 19
17 23
17 27
17 35
17 37
17 46
17 53
17 65
17 72
17 73
17 82
17 84
17 88
17 91
17 95
17 98
17 101
17 106
17 107
17 111
17 113
17 115
17 116
17 121
17 128
17 131
17 141
17 144
17 155
17 161
17 166
17 170
17 172
17 173
17 176
17 185
17 189
17 193
17 194
17 198
18 28
18 29
18 30
18 34
18 35
18 38
18 40
18 41
18 42
18 43
18 44
18 52
18 55
18 57
18 58
18 71
18 82
18 91
18 92
18 93
18 95
18 98
18 104
18 113
18 116
18 121
18 122
18 134
18 138
18 141
18 142
18 144
18 147
18 148
18 149
18 158
18 159
18 172
18 174
18 177
18 180
18 182
18 187
18 195
19 28
19 32
19 38
19 39
19 41
19 44
19 48
19 49
19 52
19 60
19 70
19 78
19 79
19 87
19 93
19 94
19 95
19 96
19 99
19 105
19 106
19 109
19 111
19 112
19 116
19 118
19 119
19 124
19 136
19 137
19 139
19 145
19 150
19 152
19 154
19 156
19 157
19 159
19 164
19 165
19 171
19 173
19 176
19 181
19 182
19 186
19 193
19 194
20 23
20 25
20 31
20 32
20 40
20 43
20 45
20 47
20 51
20 55
20 56
20 60
20 65
20 69
20 72
20 73
20 75
20 77
20 78
20 85
20 88
20 90
20 95
20 96
20 111
20 114
20 118
20 121
20 125
20 127
20 131
20 132
20 137
20 139
20 140
20 141
20 146
20 150
20 151
20 152
20 160
20 161
20 163
20 165
20 166
20 169
20 181
20 187
20 189
20 198
20 199
20 200
21 22
21 23
21 25
21 27
21 28
21 39
21 40
21 42
21 43
21 54
21 56
21 58
21 59
21 60
21 62
21 66
21 71
21 72
21 78
21 83
21 90
21 91
21 98
21 109
21 111
21 120
21 124
21 125
21 131
21 134
21 140
21 145
21 151
21 152
21 157
21 158
21 159
21 160
21 161
21 163
21 164
21 171
21 175
21 176
21 180
21 181
21 183
21 186
21 188
22 26
22 27
22 29
22 37
22 39
22 40
22 43
22 44
22 52
22 54
22 55
22 57
22 60
22 61
22 66
22 75
22 79
22 83
22 91
22 93
22 103
22 106
22 111
22 112
22 114
22 117
22 121
22 125
22 126
22 132
22 143
22 144
22 145
22 146
22 152
22 158
22 163
22 167
22 170
22 177
22 180
22 186
22 187
22 191
22 192
22 200
23 26
23 27
23 31
23 37
23 38
23 39
23 40
23 56
23 60
23 62
23 65
23 68
23 73
23 78
23 81
23 84
23 87
23 97
23 101
23 102
23 104
23 105
23 106
23 113
23 116
23 117
23 118
23 120
23 121
23 124
23 125
23 129
23 134
23 145
23 147
23 150
23 156
23 157
23 160
23 162
23 166
23 167
23 169
23 171
23 174
23 181
23 182
23 185
23 191
23 194
23 200
24 29
24 36
24 39
24 40
24 42
24 45
24 49
24 52
24 54
24 56
24 63
24 66
24 67
24 68
24 78
24 86
24 88
24 91
24 99
24 102
24 105
24 108
24 109
24 114
24 116
24 119
24 126
24 141
24 147
24 150
24 151
24 152
24 156
24 160
24 161
24 163
24 168
24 170
24 171
24 177
24 179
24 182
24 185
24 186
24 190
24 191
24 193
24 194
24 196
24 198
24 200
25 43
25 44
25 45
25 48
25 50
25 56
25 60
25 64
25 66
25 69
25 81
25 93
25 94
25 98
25 102
25 104
25 105
25 107
25 108
25 118
25 135
25 145
25 148
25 155
25 160
25 162
25 173
25 174
25 178
25 182
25 191
25 196
25 198
26 28
26 33
26 34
26 36
26 49
26 53
26 58
26 63
26 67
26 68
26 70
26 72
26 78
26 86
26 87
26 88
26 96
26 98
26 102
26 105
26 108
26 113
26 117
26 119
26 125
26 128
26 129
26 130
26 135
26 139
26 142
26 152
26 154
26 157
26 159
26 164
26 168
26 170
26 171
26 172
26 178
26 182
26 190
26 191
26 193
26 197
26 198
26 200
27 33
27 41
27 43
27 45
27 48
27 50
27 52
27 60
27 61
27 62
27 64
27 77
27 85
27 87
27 99
27 108
27 110
27 114
27 115
27 116
27 118
27 123
27 133
27 140
27 141
27 145
27 150
27 151
27 157
27 161
27 164
27 165
27 166
27 168
27 174
27 176
27 182
27 188
27 189
27 190
27 193
27 198
28 29
28 31
28 32
28 35
28 37
28 38
28 42
28 48
28 50
28 51
28 56
28 64
28 69
28 72
28 75
28 77
28 78
28 95
28 96
28 99
28 102
28 104
28 105
28 106
28 116
28 119
28 122
28 123
28 124
28 132
28 133
28 135
28 142
28 145
28 152
28 153
28 168
28 178
28 180
28 184
28 187
28 188
28 189
28 192
28 199
28 200
29 38
29 44
29 46
29 58
29 65
29 71
29 81
29 95
29 103
29 109
29 116
29 117
29 125
29 132
29 142
29 144
29 166
29 173
29 182
29 186
29 194
29 199
30 31
30 42
30 43
30 45
30 47
30 53
30 57
30 59
30 61
30 62
30 63
30 66
30 71
30 75
30 80
30 86
30 91
30 97
30 99
30 105
30 106
30 109
30 118
30 125
30 127
30 128
30 129
30 135
30 136
30 138
30 142
30 143
30 151
30 158
30 161
30 162
30 164
30 166
30 172
30 177
30 182
30 183
30 184
30 187
30 188
30 189
30 193
30 197
31 37
31 39
31 41
31 42
31 43
31 44
31 51
31 52
31 55
31 56
31 60
31 61
31 63
31 68
31 69
31 72
31 74
31 76
31 78
31 86
31 88
31 89
31 96
31 97
31 98
31 102
31 109
31 110
31 117
31 118
31 120
31 121
31 122
31 147
31 148
31 149
31 153
31 158
31 166
31 170
31 178
31 180
31 185
31 187
31 190
31 191
31 195
32 35
32 39
32 44
32 46
32 49
32 54
32 55
32 58
32 59
32 60
32 67
32 72
32 73
32 79
32 82
32 86
32 88
32 89
32 99
32 110
32 113
32 114
32 115
32 117
32 119
32 122
32 123
32 126
32 136
32 140
32 143
32 145
32 148
32 152
32 157
32 158
32 161
32 163
32 169
32 175
32 178
32 186
32 193
32 198
32 200
33 35
33 39
33 40
33 49
33 51
33 60
33 62
33 64
33 67
33 72
33 73
33 75
33 77
33 83
33 84
33 91
33 97
33 103
33 110
33 111
33 114
33 116
33 121
33 128
33 130
33 132
33 136
33 137
33 141
33 149
33 154
33 162
33 165
33 169
33 171
33 176
33 177
33 178
33 184
33 187
33 188
33 191
33 193
33 195
33 199
34 35
34 42
34 47
34 48
34 63
34 68
34 69
34 72
34 78
34 80
34 81
34 82
34 95
34 97
34 103
34 106
34 108
34 110
34 116
34 122
34 126
34 131
34 132
34 134
34 137
34 145
34 154
34 158
34 161
34 162
34 168
34 172
34 175
34 181
34 187
34 190
34 193
34 195
35 38
35 39
35 40
35 44
35 45
35 53
35 60
35 62
35 67
35 72
35 73
35 80
35 82
35 83
35 87
35 96
35 99
35 102
35 107
35 110
35 111
35 112
35 119
35 120
35 126
35 131
35 135
35 140
35 152
35 158
35 162
35 165
35 168
35 169
35 172
35 176
35 179
35 191
36 39
36 40
36 41
36 52
36 58
36 62
36 65
36 68
36 70
36 74
36 77
36 81
36 84
36 88
36 89
36 93
36 99
36 101
36 105
36 108
36 110
36 116
36 117
36 119
36 124
36 136
36 138
36 143
36 147
36 150
36 152
36 153
36 156
36 157
36 159
36 160
36 162
36 163
36 167
36 175
36 177
36 186
36 187
36 190
36 192
36 193
36 196
37 38
37 41
37 43
37 44
37 45
37 51
37 53
37 55
37 69
37 75
37 76
37 77
37 80
37 87
37 91
37 96
37 101
37 104
37 105
37 109
37 115
37 118
37 126
37 130
37 135
37 139
37 145
37 148
37 149
37 156
37 159
37 161
37 165
37 167
37 171
37 173
37 174
37 175
37 176
37 181
37 187
37 200
38 49
38 51
38 52
38 54
38 70
38 77
38 80
38 81
38 82
38 84
38 85
38 87
38 89
38 91
38 93
38 110
38 120
38 122
38 123
38 125
38 129
38 133
38 140
38 143
38 144
38 145
38 146
38 147
38 154
38 156
38 158
38 159
38 160
38 165
38 169
38 170
38 173
38 175
38 180
38 184
38 190
38 192
38 195
38 197
39 40
39 45
39 48
39 53
39 58
39 62
39 64
39 65
39 66
39 71
39 75
39 78
39 81
39 82
39 83
39 102
39 108
39 111
39 114
39 117
39 122
39 123
39 129
39 130
39 133
39 142
39 145
39 146
39 148
39 149
39 150
39 152
39 156
39 160
39 161
39 163
39 166
39 170
39 175
39 188
39 189
39 190
39 193
39 196
39 197
40 44
40 45
40 47
40 54
40 58
40 65
40 66
40 67
40 70
40 76
40 78
40 80
40 81
40 82
40 83
40 86
40 98
40 101
40 105
40 107
40 111
40 117
40 118
40 120
40 122
40 130
40 137
40 138
40 143
40 147
40 154
40 157
40 158
40 164
40 172
40 176
40 177
40 184
40 190
40 198
41 44
41 47
41 56
41 62
41 66
41 72
41 76
41 82
41 86
41 88
41 92
41 97
41 110
41 112
41 114
41 123
41 131
41 134
41 139
41 154
41 157
41 160
41 163
41 168
41 171
41 172
41 176
41 177
41 178
41 179
41 180
41 181
41 188
41 189
41 192
41 195
41 197
41 200
42 47
42 48
42 49
42 51
42 54
42 55
42 56
42 59
42 66
42 70
42 71
42 74
42 82
42 83
42 89
42 90
42 92
42 98
42 101
42 102
42 104
42 107
42 118
42 120
42 122
42 141
42 148
42 149
42 152
42 153
42 156
42 164
42 174
42 184
42 188
42 189
42 190
42 198
43 44
43 47
43 56
43 58
43 59
43 64
43 70
43 72
43 75
43 82
43 85
43 86
43 87
43 88
43 90
43 101
43 104
43 105
43 112
43 117
43 118
43 121
43 129
43 132
43 135
43 136
43 140
43 144
43 145
43 146
43 150
43 160
43 162
43 164
43 165
43 169
43 178
43 186
43 188
43 196
43 197
43 200
44 48
44 60
44 61
44 62
44 63
44 68
44 70
44 72
44 73
44 75
44 78
44 79
44 80
44 91
44 95
44 103
44 106
44 109
44 111
44 119
44 123
44 125
44 127
44 130
44 131
44 137
44 140
44 141
44 144
44 148
44 150
44 152
44 154
44 155
44 162
44 163
44 166
44 173
44 174
44 177
44 178
44 185
44 187
44 188
44 189
44 192
44 193
44 195
44 197
45 60
45 64
45 67
45 68
45 69
45 71
45 77
45 80
45 84
45 85
45 89
45 93
45 95
45 96
45 103
45 106
45 110
45 111
45 116
45 118
45 119
45 124
45 140
45 145
45 146
45 159
45 163
45 165
45 167
45 168
45 180
45 182
45 192
45 196
45 197
45 198
46 49
46 51
46 52
46 57
46 64
46 67
46 68
46 71
46 72
46 74
46 83
46 84
46 86
46 91
46 92
46 93
46 94
46 102
46 107
46 109
46 112
46 116
46 118
46 123
46 124
46 128
46 134
46 135
46 136
46 138
46 147
46 150
46 152
46 154
46 156
46 158
46 168
46 172
46 173
46 174
46 176
46 178
46 182
46 188
46 190
46 197
47 52
47 54
47 62
47 65
47 66
47 76
47 78
47 79
47 81
47 82
47 85
47 87
47 90
47 103
47 107
47 109
47 113
47 115
47 125
47 143
47 149
47 151
47 153
47 155
47 156
47 160
47 163
47 164
47 166
47 175
47 177
47 180
47 185
47 186
47 187
47 191
47 195
48 52
48 54
48 55
48 56
48 64
48 65
48 67
48 70
48 71
48 79
48 81
48 85
48 89
48 91
48 95
48 103
48 105
48 110
48 112
48 119
48 121
48 128
48 140
48 141
48 142
48 145
48 146
48 155
48 156
48 163
48 166
48 175
48 178
48 179
48 185
48 191
48 193
48 194
48 195
48 196
48 199
49 54
49 62
49 65
49 72
49 80
49 81
49 93
49 103
49 106
49 107
49 108
49 109
49 110
49 111
49 114
49 118
49 122
49 124
49 129
49 130
49 132
49 133
49 138
49 147
49 148
49 151
49 153
49 155
49 158
49 161
49 163
49 164
49 165
49 170
49 175
49 179
49 182
49 183
49 188
49 190
49 200
50 56
50 62
50 64
50 77
50 79
50 83
50 86
50 87
50 89
50 90
50 93
50 94
50 96
50 99
50 102
50 104
50 107
50 109
50 111
50 112
50 117
50 121
50 127
50 128
50 132
50 135
50 141
50 142
50 152
50 153
50 164
50 165
50 166
50 171
50 183
50 184
50 190
50 191
50 195
50 197
50 200
51 53
51 65
51 66
51 67
51 70
51 72
51 74
51 76
51 79
51 94
51 96
51 97
51 102
51 103
51 109
51 112
51 113
51 115
51 120
51 121
51 137
51 139
51 146
51 147
51 148
51 150
51 156
51 157
51 159
51 173
51 174
51 190
51 195
51 198
52 56
52 60
52 68
52 70
52 71
52 83
52 89
52 93
52 112
52 118
52 125
52 126
52 134
52 135
52 141
52 143
52 146
52 156
52 159
52 160
52 161
52 164
52 165
52 174
52 175
52 176
52 177
52 178
52 180
52 182
52 184
52 186
53 60
53 63
53 64
53 65
53 74
53 77
53 80
53 82
53 88
53 91
53 95
53 102
53 103
53 106
53 107
53 112
53 115
53 117
53 122
53 123
53 126
53 143
53 144
53 148
53 150
53 154
53 166
53 170
53 171
53 172
53 174
53 180
53 181
53 182
53 183
53 190
53 195
54 58
54 63
54 67
54 69
54 71
54 72
54 73
54 75
54 85
54 86
54 89
54 96
54 110
54 111
54 117
54 119
54 124
54 129
54 130
54 132
54 133
54 138
54 141
54 143
54 145
54 153
54 155
54 162
54 172
54 174
54 179
54 181
54 183
54 185
54 186
54 187
55 57
55 63
55 65
55 68
55 70
55 72
55 77
55 83
55 85
55 90
55 96
55 104
55 106
55 111
55 113
55 116
55 121
55 125
55 134
55 143
55 151
55 154
55 155
55 156
55 159
55 165
55 173
55 176
55 181
55 182
55 183
55 184
55 186
55 193
56 60
56 61
56 65
56 66
56 70
56 71
56 77
56 80
56 81
56 85
56 86
56 96
56 108
56 110
56 111
56 113
56 115
56 117
56 119
56 122
56 134
56 139
56 145
56 147
56 150
56 160
56 162
56 166
56 167
56 169
56 172
56 176
56 180
56 182
56 183
56 192
56 199
57 59
57 60
57 62
57 66
57 67
57 73
57 78
57 79
57 81
57 84
57 89
57 92
57 93
57 95
57 96
57 115
57 116
57 119
57 122
57 125
57 126
57 133
57 134
57 146
57 147
57 148
57 149
57 151
57 156
57 158
57 162
57 163
57 166
57 172
57 182
57 189
57 191
57 193
58 62
58 63
58 67
58 68
58 71
58 78
58 81
58 89
58 90
58 92
58 114
58 115
58 118
58 122
58 124
58 131
58 136
58 141
58 142
58 144
58 145
58 146
58 162
58 178
58 182
58 184
58 189
58 196
59 64
59 65
59 67
59 75
59 77
59 81
59 83
59 85
59 86
59 89
59 92
59 95
59 98
59 102
59 105
59 111
59 115
59 120
59 129
59 131
59 136
59 140
59 141
59 151
59 154
59 157
59 159
59 164
59 177
59 179
59 181
59 182
59 184
59 199
60 62
60 68
60 70
60 79
60 93
60 94
60 115
60 116
60 117
60 118
60 120
60 125
60 126
60 127
60 130
60 132
60 133
60 134
60 142
60 146
60 147
60 150
60 154
60 162
60 168
60 170
60 172
60 178
60 186
60 193
60 198
61 62
61 71
61 74
61 75
61 76
61 80
61 85
61 90
61 97
61 101
61 102
61 115
61 131
61 133
61 135
61 137
61 139
61 147
61 154
61 167
61 176
61 181
61 185
61 188
61 193
61 196
61 199
62 70
62 72
62 73
62 82
62 87
62 89
62 90
62 95
62 97
62 98
62 103
62 109
62 110
62 111
62 115
62 118
62 121
62 125
62 126
62 128
62 130
62 136
62 139
62 140
62 141
62 146
62 156
62 158
62 159
62 162
62 163
62 165
62 170
62 173
62 179
62 190
62 191
62 199
63 64
63 72
63 75
63 76
63 84
63 85
63 89
63 94
63 95
63 101
63 106
63 113
63 117
63 119
63 124
63 125
63 129
63 130
63 133
63 135
63 138
63 140
63 149
63 163
63 164
63 166
63 173
63 182
63 184
63 185
63 187
63 188
63 195
63 197
64 72
64 74
64 80
64 85
64 88
64 104
64 124
64 125
64 127
64 129
64 130
64 132
64 139
64 140
64 144
64 145
64 147
64 150
64 154
64 155
64 156
64 159
64 166
64 168
64 173
64 174
64 177
64 179
64 185
64 188
64 195
64 199
64 200
65 69
65 72
65 76
65 77
65 80
65 81
65 84
65 95
65 98
65 105
65 106
65 117
65 122
65 128
65 129
65 131
65 135
65 137
65 142
65 147
65 162
65 168
65 172
65 175
65 178
65 186
65 188
65 193
65 194
65 199
66 68
66 70
66 73
66 86
66 93
66 96
66 98
66 101
66 105
66 107
66 112
66 133
66 136
66 137
66 138
66 145
66 148
66 154
66 155
66 160
66 163
66 170
66 171
66 172
66 174
66 180
66 185
66 189
66 194
66 196
67 73
67 74
67 80
67 94
67 101
67 102
67 104
67 105
67 114
67 141
67 150
67 154
67 156
67 157
67 160
67 162
67 164
67 172
67 183
67 194
67 200
68 69
68 82
68 88
68 94
68 104
68 105
68 108
68 112
68 118
68 119
68 121
68 126
68 130
68 131
68 133
68 139
68 140
68 142
68 144
68 147
68 148
68 149
68 152
68 155
68 156
68 160
68 161
68 162
68 163
68 165
68 170
68 173
68 181
68 185
68 188
68 190
68 195
68 197
68 198
68 199
68 200
69 79
69 80
69 85
69 93
69 96
69 104
69 107
69 111
69 112
69 127
69 128
69 133
69 137
69 143
69 144
69 150
69 153
69 162
69 163
69 175
69 177
69 179
69 180
69 184
69 190
69 191
69 193
69 198
69 199
70 77
70 82
70 85
70 87
70 93
70 94
70 99
70 114
70 123
70 136
70 138
70 139
70 140
70 144
70 150
70 156
70 158
70 163
70 164
70 171
70 172
70 173
70 180
70 181
70 191
70 198
71 76
71 78
71 81
71 83
71 88
71 89
71 90
71 92
71 94
71 96
71 104
71 106
71 109
71 110
71 112
71 113
71 114
71 119
71 122
71 124
71 130
71 151
71 154
71 155
71 157
71 164
71 166
71 170
71 172
71 183
71 184
71 189
71 190
71 199
72 73
72 75
72 76
72 77
72 79
72 82
72 83
72 84
72 91
72 95
72 109
72 112
72 115
72 116
72 119
72 121
72 127
72 133
72 147
72 151
72 154
72 156
72 159
72 160
72 161
72 167
72 169
72 170
72 179
72 188
72 189
72 190
72 198
73 74
73 76
73 79
73 86
73 87
73 90
73 98
73 99
73 117
73 120
73 121
73 122
73 130
73 132
73 133
73 136
73 139
73 143
73 145
73 148
73 149
73 151
73 161
73 166
73 167
73 169
73 172
73 173
73 174
73 175
73 176
73 188
73 190
73 192
73 198
73 199
74 75
74 78
74 83
74 92
74 105
74 106
74 108
74 109
74 110
74 111
74 112
74 115
74 117
74 118
74 119
74 125
74 127
74 129
74 132
74 133
74 143
74 145
74 152
74 154
74 159
74 162
74 164
74 167
74 177
74 180
74 182
74 189
75 80
75 83
75 90
75 93
75 106
75 115
75 116
75 117
75 124
75 125
75 129
75 130
75 131
75 132
75 133
75 136
75 138
75 144
75 146
75 156
75 157
75 172
75 176
75 183
75 184
75 188
75 189
76 81
76 85
76 88
76 94
76 95
76 97
76 99
76 102
76 105
76 108
76 113
76 118
76 121
76 126
76 129
76 131
76 132
76 139
76 140
76 141
76 148
76 149
76 153
76 168
76 179
76 183
76 188
76 191
76 193
76 194
76 195
76 199
77 85
77 86
77 87
77 98
77 99
77 105
77 107
77 108
77 110
77 111
77 113
77 118
77 126
77 127
77 131
77 132
77 133
77 136
77 141
77 143
77 148
77 149
77 150
77 153
77 155
77 163
77 165
77 167
77 169
77 172
77 175
77 180
77 183
77 186
77 188
77 193
77 194
77 196
77 197
78 79
78 82
78 99
78 108
78 109
78 110
78 113
78 119
78 127
78 130
78 131
78 140
78 152
78 163
78 165
78 167
78 168
78 176
78 177
78 179
78 180
78 183
78 184
78 186
78 188
78 190
78 195
78 196
78 200
79 90
79 91
79 92
79 95
79 96
79 98
79 101
79 104
79 105
79 115
79 118
79 121
79 123
79 127
79 128
79 129
79 133
79 137
79 143
79 144
79 146
79 149
79 150
79 152
79 154
79 155
79 159
79 160
79 162
79 165
79 169
79 182
79 184
79 186
79 195
79 200
80 84
80 97
80 106
80 111
80 113
80 114
80 115
80 118
80 119
80 127
80 131
80 134
80 137
80 143
80 145
80 147
80 150
80 151
80 156
80 166
80 170
80 181
80 182
80 184
80 191
80 192
80 195
80 197
80 200
81 86
81 94
81 99
81 106
81 108
81 109
81 110
81 113
81 122
81 123
81 127
81 129
81 131
81 135
81 139
81 143
81 145
81 148
81 155
81 157
81 158
81 159
81 165
81 169
81 172
81 185
81 190
81 191
81 195
81 197
81 199
81 200
82 83
82 85
82 86
82 88
82 93
82 94
82 104
82 107
82 110
82 114
82 118
82 124
82 130
82 140
82 151
82 153
82 158
82 168
82 173
82 177
82 178
82 179
82 181
82 182
82 183
82 186
82 187
82 197
82 200
83 103
83 106
83 113
83 114
83 117
83 122
83 123
83 126
83 127
83 130
83 137
83 140
83 143
83 145
83 149
83 150
83 154
83 156
83 160
83 161
83 162
83 163
83 174
83 175
83 199
84 88
84 89
84 90
84 93
84 97
84 102
84 111
84 116
84 120
84 126
84 127
84 134
84 136
84 138
84 141
84 142
84 144
84 148
84 149
84 151
84 153
84 154
84 167
84 169
84 170
84 174
84 177
84 190
84 191
84 194
84 197
84 198
85 86
85 89
85 96
85 101
85 109
85 110
85 115
85 116
85 119
85 120
85 125
85 132
85 141
85 145
85 146
85 147
85 149
85 154
85 163
85 176
85 179
85 181
85 182
85 185
85 192
86 87
86 89
86 96
86 97
86 99
86 106
86 112
86 113
86 115
86 117
86 123
86 125
86 129
86 138
86 139
86 141
86 142
86 144
86 147
86 149
86 156
86 163
86 171
86 177
86 179
86 186
86 188
86 193
86 194
86 197
87 89
87 91
87 92
87 93
87 95
87 104
87 107
87 108
87 122
87 125
87 130
87 131
87 134
87 142
87 146
87 149
87 158
87 167
87 176
87 181
87 182
87 191
88 94
88 101
88 102
88 104
88 106
88 111
88 119
88 120
88 122
88 123
88 140
88 144
88 147
88 152
88 155
88 156
88 158
88 163
88 176
88 177
88 180
88 185
89 91
89 94
89 95
89 98
89 103
89 104
89 105
89 107
89 111
89 112
89 115
89 119
89 120
89 122
89 131
89 133
89 135
89 137
89 138
89 147
89 157
89 163
89 165
89 168
89 169
89 172
89 177
89 183
89 189
89 196
90 92
90 94
90 97
90 98
90 104
90 105
90 107
90 108
90 110
90 116
90 117
90 119
90 120
90 126
90 127
90 132
90 137
90 142
90 143
90 156
90 159
90 162
90 167
90 172
90 177
90 178
90 181
90 182
90 183
90 194
90 195
91 95
91 96
91 99
91 103
91 107
91 118
91 120
91 124
91 133
91 136
91 139
91 141
91 147
91 155
91 157
91 158
91 159
91 163
91 170
91 172
91 173
91 179
91 190
91 198
92 102
92 103
92 104
92 105
92 108
92 112
92 114
92 121
92 122
92 128
92 130
92 135
92 136
92 139
92 141
92 145
92 150
92 155
92 165
92 167
92 171
92 172
92 181
92 182
92 183
92 185
92 186
92 191
92 193
92 199
93 96
93 108
93 111
93 117
93 123
93 125
93 126
93 130
93 134
93 135
93 138
93 141
93 146
93 149
93 154
93 157
93 158
93 166
93 172
93 176
93 178
93 179
93 180
93 184
93 190
93 195
93 197
93 199
94 95
94 101
94 108
94 109
94 111
94 112
94 129
94 130
94 132
94 146
94 158
94 163
94 176
94 178
94 180
94 183
94 186
94 188
94 190
94 194
94 198
94 199
94 200
95 110
95 112
95 113
95 117
95 120
95 123
95 124
95 125
95 136
95 139
95 146
95 150
95 151
95 152
95 156
95 157
95 170
95 184
95 193
95 198
96 97
96 99
96 115
96 117
96 119
96 123
96 125
96 135
96 139
96 140
96 142
96 143
96 144
96 146
96 149
96 155
96 158
96 159
96 165
96 168
96 172
96 179
96 187
96 189
96 195
96 199
97 99
97 108
97 112
97 114
97 122
97 123
97 126
97 133
97 138
97 151
97 155
97 157
97 160
97 165
97 167
97 169
97 170
97 174
97 175
97 176
97 180
97 183
97 189
97 195
97 200
98 101
98 110
98 113
98 115
98 127
98 130
98 137
98 143
98 144
98 155
98 156
98 157
98 167
98 169
98 170
98 174
98 178
98 180
98 181
98 188
98 193
98 199
99 101
99 103
99 105
99 113
99 114
99 115
99 117
99 119
99 122
99 125
99 126
99 127
99 129
99 130
99 137
99 142
99 143
99 146
99 150
99 155
99 156
99 165
99 166
99 169
99 170
99 173
99 181
99 184
99 188
99 194
99 196
99 198
101 103
101 108
101 111
101 112
101 124
101 125
101 126
101 127
101 129
101 132
101 133
101 144
101 145
101 147
101 154
101 162
101 165
101 167
101 168
101 173
101 176
101 184
101 185
101 194
101 196
101 199
102 105
102 110
102 118
102 132
102 134
102 136
102 137
102 166
102 172
102 176
102 179
102 181
102 184
102 185
102 199
103 111
103 120
103 127
103 129
103 136
103 137
103 144
103 145
103 149
103 158
103 163
103 172
103 174
103 176
103 190
103 193
103 195
103 196
103 198
103 199
104 106
104 111
104 112
104 113
104 115
104 116
104 118
104 120
104 122
104 131
104 137
104 149
104 151
104 153
104 155
104 156
104 158
104 159
104 165
104 171
104 174
104 175
104 176
104 179
104 180
104 186
104 192
104 193
104 197
104 198
104 199
105 106
105 109
105 112
105 117
105 124
105 135
105 138
105 139
105 144
105 155
105 156
105 159
105 164
105 165
105 167
105 169
105 173
105 177
105 180
105 184
105 186
105 188
105 189
105 190
105 195
106 109
106 113
106 117
106 129
106 133
106 138
106 143
106 151
106 153
106 155
106 159
106 161
106 162
106 163
106 164
106 165
106 167
106 178
106 180
106 189
106 192
106 193
106 198
107 108
107 110
107 118
107 119
107 127
107 129
107 131
107 132
107 142
107 149
107 152
107 153
107 156
107 159
107 160
107 161
107 164
107 176
107 181
107 190
107 192
107 198
108 117
108 126
108 127
108 138
108 143
108 147
108 154
108 156
108 159
108 162
108 166
108 169
108 170
108 171
108 176
108 181
108 185
108 187
109 110
109 111
109 114
109 117
109 124
109 127
109 128
109 134
109 137
109 140
109 143
109 147
109 148
109 154
109 155
109 157
109 160
109 163
109 166
109 173
109 185
109 190
109 192
109 195
109 199
110 113
110 116
110 117
110 122
110 124
110 126
110 128
110 130
110 142
110 143
110 144
110 148
110 151
110 154
110 155
110 156
110 159
110 161
110 162
110 164
110 171
110 173
110 177
110 181
110 183
110 186
110 187
110 188
110 190
110 199
111 112
111 124
111 128
111 129
111 137
111 141
111 143
111 144
111 150
111 156
111 163
111 165
111 167
111 169
111 171
111 173
111 178
111 184
111 193
111 197
111 198
112 114
112 121
112 128
112 130
112 136
112 137
112 138
112 139
112 147
112 153
112 155
112 156
112 157
112 158
112 161
112 164
112 168
112 170
112 171
112 173
112 175
112 176
112 179
112 182
112 186
112 191
112 199
113 122
113 123
113 124
113 126
113 129
113 131
113 133
113 139
113 148
113 150
113 153
113 154
113 155
113 157
113 162
113 163
113 173
113 176
113 178
113 181
113 185
113 190
113 199
114 117
114 118
114 122
114 133
114 134
114 141
114 144
114 148
114 164
114 166
114 169
114 170
114 174
114 180
114 195
114 197
114 200
115 116
115 126
115 127
115 139
115 140
115 149
115 156
115 158
115 160
115 166
115 182
115 185
115 187
115 188
115 189
115 194
115 197
116 118
116 120
116 126
116 132
116 133
116 136
116 141
116 146
116 149
116 151
116 152
116 153
116 158
116 162
116 166
116 169
116 171
116 172
116 176
116 179
116 183
116 187
116 188
116 192
116 200
117 120
117 121
117 122
117 125
117 128
117 129
117 130
117 132
117 136
117 137
117 140
117 143
117 144
117 156
117 159
117 167
117 171
117 172
117 179
117 183
117 189
117 191
117 193
117 196
117 199
118 123
118 125
118 130
118 131
118 140
118 143
118 146
118 151
118 154
118 155
118 156
118 157
118 158
118 161
118 171
118 172
118 173
118 176
118 178
118 179
118 183
118 186
118 187
118 188
118 190
118 191
118 194
118 198
119 120
119 121
119 124
119 126
119 133
119 135
119 136
119 142
119 148
119 149
119 160
119 161
119 166
119 167
119 168
119 170
119 173
119 174
119 177
119 178
119 185
119 186
119 188
119 196
120 123
120 125
120 129
120 135
120 140
120 148
120 153
120 154
120 155
120 157
120 164
120 172
120 174
120 178
120 179
120 180
120 184
120 187
121 122
121 135
121 136
121 139
121 141
121 150
121 151
121 152
121 154
121 158
121 163
121 164
121 165
121 172
121 182
121 183
121 184
121 196
122 123
122 127
122 130
122 134
122 135
122 145
122 148
122 155
122 160
122 162
122 167
122 170
122 171
122 172
122 177
122 178
122 179
122 182
122 183
122 184
122 193
122 194
122 197
122 199
123 129
123 132
123 135
123 140
123 148
123 153
123 154
123 161
123 166
123 168
123 169
123 170
123 179
123 188
123 189
123 198
123 199
124 125
124 130
124 131
124 159
124 160
124 164
124 171
124 173
124 177
124 181
124 184
124 185
124 194
125 126
125 131
125 135
125 136
125 137
125 140
125 142
125 144
125 145
125 146
125 152
125 157
125 168
125 169
125 170
125 171
125 172
125 173
125 178
125 180
125 181
125 182
125 187
125 188
125 193
125 194
125 196
126 131
126 132
126 135
126 139
126 144
126 145
126 163
126 164
126 168
126 172
126 176
126 184
126 186
126 190
126 192
126 195
126 196
127 128
127 129
127 132
127 137
127 139
127 140
127 144
127 146
127 149
127 150
127 160
127 164
127 168
127 169
127 172
127 173
127 174
127 181
127 182
127 184
127 186
127 187
127 194
127 196
127 198
128 130
128 139
128 150
128 154
128 161
128 168
128 173
128 178
128 182
128 185
128 187
128 191
128 195
129 131
129 132
129 133
129 140
129 142
129 144
129 149
129 152
129 153
129 155
129 166
129 180
129 186
129 188
129 189
129 190
129 197
130 132
130 135
130 140
130 142
130 151
130 156
130 162
130 167
130 170
130 171
130 180
130 185
130 186
130 193
130 195
130 196
131 133
131 137
131 138
131 141
131 143
131 157
131 161
131 163
131 168
131 169
131 172
131 176
131 177
131 180
131 183
131 188
131 189
132 136
132 140
132 141
132 145
132 153
132 157
132 158
132 159
132 163
132 167
132 169
132 170
132 177
132 178
132 179
132 182
132 184
132 188
132 189
132 191
132 192
132 198
133 135
133 138
133 152
133 155
133 161
133 162
133 168
133 177
133 178
133 181
133 182
133 186
133 187
133 196
134 136
134 137
134 141
134 142
134 144
134 147
134 157
134 159
134 163
134 165
134 166
134 169
134 171
134 173
134 175
134 176
134 177
134 180
134 182
134 186
134 188
134 199
134 200
135 136
135 138
135 143
135 149
135 150
135 161
135 162
135 165
135 167
135 173
135 174
135 175
135 178
135 180
135 182
135 184
135 190
135 193
135 196
135 199
136 139
136 141
136 150
136 152
136 155
136 156
136 161
136 163
136 176
136 177
136 185
136 187
136 191
136 193
136 194
136 197
136 200
137 141
137 143
137 145
137 147
137 154
137 156
137 157
137 164
137 165
137 168
137 183
137 186
137 189
137 191
137 196
137 197
137 198
137 199
138 143
138 149
138 155
138 160
138 162
138 163
138 168
138 170
138 174
138 178
138 179
138 180
138 196
138 197
138 198
139 140
139 142
139 149
139 150
139 156
139 159
139 164
139 175
139 193
139 194
139 195
139 197
140 141
140 143
140 147
140 150
140 151
140 154
140 156
140 158
140 162
140 163
140 164
140 166
140 167
140 173
140 175
140 176
140 183
140 184
140 189
140 196
140 197
140 200
141 142
141 146
141 147
141 150
141 159
141 174
141 175
141 176
141 177
141 179
141 182
141 184
141 187
141 188
141 197
141 199
141 200
142 145
142 148
142 149
142 150
142 162
142 164
142 165
142 167
142 173
142 176
142 180
142 182
142 191
142 196
142 198
142 199
143 146
143 147
143 153
143 154
143 156
143 157
143 158
143 159
143 161
143 168
143 169
143 182
143 191
143 192
143 195
143 197
143 198
143 199
144 145
144 150
144 156
144 158
144 160
144 162
144 171
144 174
144 176
144 181
144 184
144 190
144 191
144 192
144 194
144 198
144 200
145 149
145 150
145 152
145 155
145 166
145 172
145 175
145 178
145 180
145 184
145 188
145 189
145 195
145 200
146 149
146 164
146 167
146 170
146 172
146 175
146 176
146 177
146 178
146 188
146 191
146 192
146 194
146 195
146 196
146 198
147 148
147 149
147 151
147 154
147 155
147 157
147 163
147 165
147 169
147 171
147 172
147 174
147 177
147 179
147 183
147 186
147 195
147 198
148 149
148 157
148 159
148 160
148 167
148 168
148 170
148 176
148 180
148 182
148 184
148 193
148 197
148 200
149 154
149 165
149 166
149 174
149 175
149 183
149 185
149 187
149 192
149 194
150 155
150 161
150 162
150 175
150 183
150 186
150 188
150 189
150 190
150 200
151 155
151 156
151 158
151 161
151 166
151 169
151 172
151 175
151 177
151 187
151 190
151 198
152 153
152 155
152 161
152 162
152 164
152 170
152 171
152 181
152 185
152 186
152 197
152 198
153 154
153 159
153 170
153 171
153 181
153 182
153 184
153 187
153 190
153 191
153 197
154 160
154 163
154 168
154 171
154 173
154 174
154 176
154 177
154 189
154 191
154 193
154 194
154 198
154 199
155 157
155 164
155 176
155 177
155 181
155 199
156 160
156 171
156 181
156 183
156 189
156 199
156 200
157 165
157 167
157 168
157 173
157 174
157 177
157 178
157 179
157 182
157 189
157 195
157 196
157 197
157 199
158 159
158 161
158 162
158 167
158 172
158 175
158 177
158 180
158 182
158 185
158 194
159 163
159 169
159 171
159 172
159 175
159 179
159 180
159 181
159 184
159 187
159 196
159 197
159 199
160 166
160 168
160 169
160 178
160 180
160 184
160 189
160 195
160 198
160 199
160 200
161 165
161 170
161 175
161 176
161 180
161 185
161 188
161 191
161 192
161 193
161 196
162 163
162 165
162 166
162 167
162 172
162 173
162 187
162 190
162 196
162 200
163 164
163 167
163 171
163 176
163 186
163 190
163 197
163 198
164 165
164 166
164 167
164 169
164 171
164 179
164 180
164 181
164 192
164 196
165 166
165 168
165 169
165 175
165 176
165 179
165 181
165 185
165 186
166 168
166 170
166 171
166 173
166 175
166 189
166 194
166 198
167 168
167 171
167 174
167 175
167 176
167 178
167 192
167 193
168 172
168 174
168 178
168 185
168 186
168 188
168 193
168 197
168 199
169 172
169 175
169 177
169 178
169 179
169 180
169 181
169 182
169 185
169 194
170 171
170 175
170 177
170 182
170 189
170 195
170 197
170 198
171 173
171 179
171 184
171 185
171 187
171 189
171 190
172 181
172 197
172 199
173 181
173 189
173 198
174 178
174 181
174 190
174 197
175 177
175 180
175 188
175 198
176 179
176 187
176 192
176 193
177 186
177 195
177 196
177 199
177 200
178 181
178 182
178 188
178 191
178 192
178 195
179 180
179 181
179 184
179 188
179 190
180 184
180 188
180 191
180 200
181 184
181 186
181 189
181 190
181 196
182 183
182 184
182 185
182 187
182 192
182 198
182 200
183 184
183 188
183 190
183 197
183 198
183 200
184 185
184 191
185 189
185 192
185 196
185 197
186 187
186 188
186 190
186 198
186 199
187 190
187 197
188 190
188 193
188 195
188 200
189 192
189 198
190 195
190 200
191 198
192 194
192 196
193 196
194 196
194 199
197 198
197 200
198 199
