500 499 1000 999
0 1
0 2
0 18
0 28
0 40
0 49
0 92
0 337
0 368
1 4
1 41
1 401
2 3
2 5
2 9
2 16
2 25
2 44
2 113
2 199
3 7
3 10
3 42
3 67
3 165
3 244
3 333
4 6
4 8
4 241
5 26
5 33
5 421
6 11
6 14
6 15
6 27
7 13
7 402
8 17
8 60
9 21
9 24
9 85
9 141
9 174
9 267
9 411
10 22
10 63
10 172
10 222
10 230
11 12
11 23
11 47
11 93
11 438
13 62
13 70
13 149
14 19
14 71
14 123
14 189
14 193
14 196
14 217
15 31
15 52
15 74
15 82
15 94
15 129
16 137
16 183
17 46
17 66
17 146
17 256
18 291
19 20
19 32
19 48
19 61
19 77
19 83
19 198
20 150
20 162
20 208
20 248
21 45
21 197
21 400
22 29
22 34
23 43
23 97
23 473
24 143
24 164
24 318
25 54
25 345
26 30
26 64
27 56
28 36
28 53
28 87
29 57
29 89
29 151
29 255
29 317
30 35
30 80
30 99
30 278
30 481
31 38
31 69
32 37
32 39
32 131
33 152
33 478
34 88
34 211
34 397
35 51
35 58
35 188
35 388
35 439
36 100
36 180
36 200
36 286
36 359
36 435
37 155
37 349
37 426
39 114
39 182
40 68
40 237
40 272
41 72
41 76
41 102
41 176
42 125
44 161
44 293
45 79
46 352
47 50
47 268
48 135
49 154
49 207
50 59
50 104
50 115
51 347
52 406
53 167
53 184
53 305
53 425
54 55
54 145
55 65
55 348
56 84
56 103
56 330
56 356
56 443
57 73
57 81
58 91
58 378
59 96
59 227
61 139
61 242
61 319
61 341
61 432
62 371
63 375
63 379
65 147
65 403
66 171
67 134
68 353
69 126
69 428
71 157
72 75
72 106
72 140
72 204
72 442
73 275
73 340
73 393
74 228
75 78
75 90
76 95
76 98
76 246
77 86
77 108
77 166
78 124
78 214
79 101
79 132
79 344
81 254
81 457
82 219
83 112
83 187
83 238
84 128
84 170
84 185
84 287
85 122
85 405
85 459
88 342
89 178
89 436
90 109
91 111
91 127
91 281
93 380
95 121
95 133
95 285
96 229
99 130
99 216
100 105
100 107
100 177
100 264
100 290
101 118
101 239
101 247
102 142
102 168
102 181
102 336
103 116
103 153
103 195
103 212
104 294
104 452
105 120
105 496
106 119
106 173
106 295
106 303
108 160
109 110
110 266
110 360
112 205
112 260
112 327
112 430
113 461
114 218
116 117
116 156
116 169
116 203
116 283
116 499
118 335
119 144
119 464
120 138
122 224
122 234
122 315
122 486
124 231
124 372
125 163
126 418
127 136
127 148
128 243
128 482
129 235
129 250
130 175
130 292
131 245
132 460
134 179
135 343
138 225
138 407
139 226
141 332
141 399
144 223
144 276
147 233
148 301
148 312
149 361
150 158
150 302
152 206
153 194
153 325
154 450
155 186
156 331
157 328
158 159
158 236
159 190
161 329
163 210
164 316
165 191
166 320
167 307
169 479
169 489
170 213
170 323
171 192
172 334
173 253
174 251
174 297
177 280
177 386
179 350
179 394
180 310
181 364
183 265
184 306
184 477
185 201
187 440
188 202
188 445
189 249
190 300
190 322
193 232
194 373
194 463
195 258
197 209
200 296
200 404
202 447
206 279
206 309
207 220
208 299
208 313
208 321
208 462
208 492
210 417
211 263
211 377
211 385
213 215
213 221
213 274
216 282
217 262
221 383
222 240
223 261
223 498
225 465
226 490
228 339
228 392
228 497
234 451
236 270
239 271
244 269
244 304
244 369
244 434
246 422
248 429
249 259
249 381
250 252
251 284
251 415
255 257
255 396
255 419
257 387
257 470
258 391
259 384
260 298
260 338
263 277
263 433
265 288
265 441
267 273
272 308
273 326
273 423
276 494
277 314
277 484
279 289
281 311
283 366
289 351
289 354
289 472
290 358
291 355
291 466
292 469
293 374
297 420
299 324
301 468
304 362
309 365
309 424
309 454
309 493
310 398
311 431
312 367
313 357
318 453
322 474
327 487
328 408
329 370
333 346
333 382
333 485
338 444
344 389
344 390
344 483
347 476
350 412
353 427
360 376
360 488
361 410
361 471
362 363
363 495
367 446
368 449
372 395
385 413
397 409
398 475
403 414
405 416
409 455
413 491
414 480
419 437
433 456
436 458
447 448
460 467
0 1
0 2
0 3
0 51
0 85
0 340
0 371
1 12
1 30
1 40
2 7
2 17
2 31
2 87
2 225
2 690
3 4
3 5
3 6
3 8
3 22
3 57
3 83
3 913
4 9
4 20
4 298
4 508
4 748
4 943
5 34
5 68
5 126
5 282
5 288
5 585
6 92
6 458
6 552
7 10
7 11
7 19
7 161
7 178
7 211
7 313
7 592
7 604
7 682
7 864
8 66
8 162
9 16
9 18
9 26
9 118
9 466
9 518
10 14
10 15
10 21
10 220
11 36
11 42
11 270
11 341
11 365
12 13
12 84
12 204
13 32
13 165
13 281
13 815
13 963
14 50
14 59
15 52
15 565
15 621
16 41
16 469
16 576
17 35
17 37
17 70
17 77
17 121
17 179
17 213
17 242
17 302
17 487
17 551
17 668
17 784
17 800
18 47
18 712
18 718
19 39
19 48
19 102
19 395
19 427
19 560
20 394
20 724
21 23
21 24
21 25
21 28
21 44
21 130
22 115
22 655
23 114
24 27
24 132
24 275
24 447
25 38
25 72
25 120
25 214
25 216
25 369
25 543
26 29
26 168
26 318
26 898
27 65
27 82
27 117
27 959
28 143
28 436
28 611
29 423
30 119
30 598
30 895
31 33
31 49
31 292
31 535
32 146
32 461
32 680
33 79
34 46
34 61
34 289
34 481
35 106
35 303
36 69
36 539
37 43
37 45
37 56
37 75
37 100
37 228
37 408
37 684
38 55
38 157
38 183
38 670
38 875
39 170
40 206
41 93
41 112
41 192
41 538
42 215
42 366
43 54
43 67
43 141
43 200
43 330
43 594
44 73
44 415
44 489
45 80
45 223
45 450
45 648
45 899
46 110
47 137
47 139
47 224
48 53
48 113
48 129
48 145
48 173
48 315
48 391
49 156
49 181
49 459
49 653
49 914
50 203
51 169
51 331
52 86
52 166
52 307
52 398
53 62
53 869
54 63
54 260
54 779
55 719
55 958
56 60
56 64
57 58
57 74
57 111
57 128
57 133
58 71
58 101
58 475
58 764
59 243
60 76
60 90
60 354
61 131
61 155
61 296
62 108
62 123
62 124
62 171
63 125
63 236
63 262
64 794
65 357
66 107
66 234
66 266
66 368
67 98
67 429
67 683
67 926
68 95
68 97
68 177
68 294
68 464
69 212
69 403
71 78
71 259
71 325
72 99
72 386
73 103
73 152
73 172
74 906
75 127
75 691
76 328
76 574
76 795
76 879
76 887
77 217
77 254
78 81
78 104
78 597
78 713
79 109
79 373
79 792
80 88
80 94
80 105
80 227
80 257
81 153
81 981
82 116
82 185
82 287
82 615
82 622
83 414
83 686
84 332
84 390
85 96
85 144
85 159
85 197
85 608
86 269
86 867
87 89
87 91
87 140
88 142
88 154
88 205
89 449
89 652
90 506
91 707
92 188
92 244
93 176
93 320
93 667
93 756
94 291
94 460
94 490
95 187
95 467
96 397
96 401
96 510
97 135
97 209
97 908
98 180
98 321
99 182
99 195
99 805
101 186
101 964
102 136
103 404
103 426
104 149
104 238
104 657
104 901
105 240
105 542
105 650
105 873
106 191
107 378
108 284
108 831
108 922
109 122
109 221
109 465
109 957
109 970
110 134
110 420
111 454
111 884
112 383
112 772
113 150
113 263
113 434
113 463
113 698
114 319
114 587
114 596
114 813
115 250
115 265
115 370
115 656
115 773
115 827
116 229
116 235
116 785
118 531
119 336
119 990
120 175
120 304
121 593
121 736
122 344
122 533
122 626
122 669
122 998
123 138
123 233
123 271
123 305
124 273
124 929
125 904
126 163
126 396
126 435
126 582
126 727
127 151
127 167
127 237
127 771
128 544
129 679
130 342
131 245
133 644
133 687
133 703
133 809
133 870
135 248
136 147
136 174
136 317
136 424
136 757
137 841
138 309
138 595
139 148
139 193
140 158
142 375
142 516
142 857
143 339
143 360
143 363
143 380
144 251
144 297
144 817
146 352
146 547
146 570
147 279
147 492
148 160
148 433
148 651
148 747
149 524
149 602
149 661
150 362
150 617
151 164
151 184
151 249
152 521
152 996
153 277
153 462
153 623
155 190
157 672
157 693
157 696
157 761
158 356
159 219
162 379
162 528
163 835
164 231
164 252
164 346
164 537
165 194
165 745
166 199
166 765
168 387
168 714
169 230
170 210
170 444
171 322
172 256
172 701
172 945
173 553
175 488
176 283
176 479
176 514
176 526
176 769
177 202
177 432
177 842
178 372
178 443
179 198
179 201
179 239
179 381
180 232
180 241
180 752
181 517
181 900
182 189
182 301
183 350
183 940
184 226
184 290
184 832
185 456
185 837
185 921
186 995
187 286
187 513
188 222
188 430
189 338
190 278
190 411
190 507
191 347
191 480
191 953
192 196
192 207
193 306
193 407
194 410
194 896
195 218
196 208
196 267
196 614
198 409
198 638
201 246
202 247
202 280
202 775
203 377
203 540
203 989
204 255
204 295
205 646
206 496
206 762
209 285
210 834
211 268
213 721
213 948
214 367
215 333
215 361
215 559
215 753
216 470
218 413
219 807
220 730
222 389
222 866
223 312
223 740
224 561
225 448
225 554
226 418
226 616
227 293
227 324
227 345
227 803
230 494
230 631
230 927
231 498
231 950
232 845
233 253
233 572
234 261
234 385
235 316
235 793
236 314
236 705
237 274
237 419
238 500
239 258
239 739
239 808
241 300
242 343
243 399
243 637
244 523
244 606
246 355
247 825
249 334
249 348
249 505
251 511
251 525
252 541
254 264
257 850
258 579
259 272
259 557
259 863
262 276
262 308
262 311
262 417
263 694
264 323
265 999
266 944
268 697
270 392
271 400
271 833
271 910
273 351
273 439
273 720
274 497
278 776
279 478
279 562
281 741
282 364
282 997
284 603
284 613
285 446
285 545
286 755
289 556
290 310
291 299
291 376
291 568
291 992
294 327
294 353
294 563
295 658
297 416
298 814
299 337
300 955
301 440
302 924
302 931
303 438
303 768
304 654
306 491
306 601
308 329
308 577
311 482
312 425
314 326
314 476
315 954
318 530
318 731
320 941
321 388
321 421
321 501
323 932
326 502
326 666
327 580
328 412
328 428
328 581
329 788
329 812
330 457
332 335
333 573
333 836
333 889
335 548
335 854
336 520
337 892
338 549
339 359
339 374
341 402
341 485
343 787
345 624
346 349
347 393
347 493
348 495
348 790
348 859
349 876
350 437
350 819
351 532
354 509
354 673
355 358
355 484
356 522
357 685
358 468
361 529
361 746
362 550
362 798
362 862
363 947
364 917
367 569
367 829
368 405
369 455
369 609
369 692
370 382
370 384
372 575
372 607
372 715
373 710
373 729
375 527
377 431
381 676
382 799
383 503
386 453
386 909
387 986
392 610
393 732
395 406
395 442
395 770
396 472
400 688
400 783
403 477
404 555
404 920
405 504
408 742
409 452
409 717
415 422
417 515
417 968
418 619
419 605
419 839
421 722
421 828
421 971
422 636
425 441
425 629
430 689
431 699
433 519
433 586
433 635
433 660
434 486
434 571
435 445
435 588
436 483
436 674
438 846
439 659
439 937
440 600
440 983
444 451
444 988
445 583
445 852
447 888
449 474
449 546
450 647
451 744
451 916
457 471
458 918
459 871
461 536
462 930
463 578
464 473
466 641
467 620
468 534
469 868
470 499
471 925
472 671
472 700
474 590
478 734
480 663
481 612
485 823
490 822
492 665
492 678
495 977
496 664
497 708
499 639
499 821
501 558
501 993
502 709
502 855
503 512
507 818
510 728
513 591
515 566
516 567
522 628
524 759
524 858
525 726
525 890
529 681
529 903
533 848
536 777
537 733
540 649
541 872
542 584
542 774
543 915
549 826
551 979
554 967
555 849
556 618
556 894
557 599
557 711
559 905
560 589
560 642
562 946
563 564
566 853
568 625
571 840
571 885
578 662
578 843
579 861
580 645
580 810
583 780
584 627
584 804
585 923
587 763
588 791
589 704
591 634
596 633
599 782
600 630
600 797
605 750
605 919
607 695
608 702
609 643
610 973
611 632
611 640
614 830
614 874
615 725
616 816
619 758
621 881
623 735
624 865
625 743
626 984
627 893
628 754
638 811
639 675
639 966
640 976
643 802
643 806
644 738
648 856
649 778
655 796
656 851
658 942
659 975
662 677
663 987
665 961
666 749
670 766
670 767
670 980
674 706
683 951
687 737
689 877
691 786
692 952
695 760
701 801
702 891
703 880
705 723
706 751
711 716
711 781
711 960
736 978
738 897
740 789
740 912
743 838
744 962
745 972
746 933
756 936
760 844
761 902
765 882
769 982
771 883
772 824
799 820
812 938
816 991
824 847
834 911
841 907
842 878
843 860
849 949
871 886
878 969
880 928
892 935
894 985
899 939
903 974
913 994
923 965
926 934
930 956
