150 149 300 299
0 1
0 2
0 18
0 28
0 40
0 49
0 92
1 4
1 41
2 3
2 5
2 9
2 16
2 25
2 44
2 113
3 7
3 10
3 42
3 67
4 6
4 8
5 26
5 33
6 11
6 14
6 15
6 27
7 13
8 17
8 60
9 21
9 24
9 85
9 141
10 22
10 63
11 12
11 23
11 47
11 93
13 62
13 70
13 149
14 19
14 71
14 123
15 31
15 52
15 74
15 82
15 94
15 129
16 137
17 46
17 66
17 146
19 20
19 32
19 48
19 61
19 77
19 83
21 45
22 29
22 34
23 43
23 97
24 143
25 54
26 30
26 64
27 56
28 36
28 53
28 87
29 57
29 89
30 35
30 80
30 99
31 38
31 69
32 37
32 39
32 131
34 88
35 51
35 58
36 100
39 114
40 68
41 72
41 76
41 102
42 125
45 79
47 50
48 135
50 59
50 104
50 115
54 55
54 145
55 65
56 84
56 103
57 73
57 81
58 91
59 96
61 139
65 147
67 134
69 126
72 75
72 106
72 140
75 78
75 90
76 95
76 98
77 86
77 108
78 124
79 101
79 132
83 112
84 128
85 122
90 109
91 111
91 127
95 121
95 133
99 130
100 105
100 107
101 118
102 142
103 116
105 120
106 119
109 110
116 117
119 144
120 138
127 136
127 148
0 1
0 2
0 18
0 28
0 40
0 49
0 92
1 4
1 41
2 3
2 5
2 9
2 16
2 25
2 44
2 113
2 200
3 7
3 10
3 42
3 67
3 166
3 245
4 6
4 8
4 242
5 26
5 33
6 11
6 14
6 15
6 27
7 13
8 17
8 60
9 21
9 24
9 85
9 141
9 175
9 268
10 22
10 63
10 173
10 223
10 231
11 12
11 23
11 47
11 93
13 62
13 70
13 149
14 19
14 71
14 123
14 190
14 194
14 197
14 218
15 31
15 52
15 74
15 82
15 94
15 129
16 137
16 184
17 46
17 66
17 146
17 257
18 292
19 20
19 32
19 48
19 61
19 77
19 83
19 199
20 151
20 163
20 209
20 249
21 45
21 198
22 29
22 34
23 43
23 97
24 143
24 165
25 54
26 30
26 64
27 56
28 36
28 53
28 87
29 57
29 89
29 152
29 256
30 35
30 80
30 99
30 279
31 38
31 69
32 37
32 39
32 131
33 153
34 88
34 212
35 51
35 58
35 189
36 100
36 181
36 201
36 287
37 156
39 114
39 183
40 68
40 238
40 273
41 72
41 76
41 102
41 177
42 125
44 162
44 294
45 79
47 50
47 269
48 135
49 155
49 208
50 59
50 104
50 115
53 168
53 185
54 55
54 145
55 65
56 84
56 103
57 73
57 81
58 91
59 96
59 228
61 139
61 243
65 147
66 172
67 134
69 126
71 158
72 75
72 106
72 140
72 205
73 276
74 229
75 78
75 90
76 95
76 98
76 247
77 86
77 108
77 167
78 124
78 215
79 101
79 132
81 255
82 220
83 112
83 188
83 239
84 128
84 171
84 186
84 288
85 122
89 179
90 109
91 111
91 127
91 282
95 121
95 133
95 286
96 230
99 130
99 217
100 105
100 107
100 178
100 265
100 291
101 118
101 240
101 248
102 142
102 169
102 182
103 116
103 154
103 196
103 213
104 295
105 120
106 119
106 174
106 296
108 161
109 110
110 267
112 206
112 261
114 219
116 117
116 157
116 170
116 204
116 284
119 144
120 138
122 225
122 235
124 232
125 164
127 136
127 148
128 244
129 236
129 251
130 176
130 293
131 246
134 180
138 226
139 227
144 224
144 277
147 234
151 159
153 207
154 195
156 187
159 160
159 237
160 191
164 211
166 192
171 214
172 193
174 254
175 252
175 298
178 281
184 266
186 202
189 203
190 250
194 233
196 259
198 210
201 297
207 280
208 221
209 300
212 264
214 216
214 222
214 275
217 283
218 263
223 241
224 262
237 271
240 272
245 270
250 260
251 253
252 285
256 258
261 299
264 278
266 289
268 274
280 290
