100 99 200 199
0 1
0 8
0 19
0 25
0 41
0 53
1 2
1 5
1 42
2 3
2 9
2 22
2 43
2 85
3 4
3 6
3 12
4 21
5 10
5 11
5 13
5 35
5 82
5 91
6 7
6 18
6 27
7 30
7 34
9 24
10 15
10 20
10 29
10 66
11 17
11 44
12 16
13 14
13 23
13 54
14 84
15 28
15 65
16 37
17 40
17 90
20 32
21 45
21 46
22 33
22 39
22 51
22 88
23 36
23 58
24 26
24 49
25 61
25 67
25 70
26 72
27 38
27 69
28 31
28 86
29 64
30 87
31 59
31 62
31 83
34 80
35 48
36 47
37 71
38 52
42 63
42 92
45 77
46 57
47 81
48 50
50 56
51 55
52 60
52 78
54 74
56 79
56 97
58 73
59 68
61 95
69 94
70 93
71 75
73 99
75 76
77 98
78 89
79 96
0 1
0 8
0 19
0 25
0 41
0 53
0 142
1 2
1 5
1 42
2 3
2 9
2 22
2 43
2 85
3 4
3 6
3 12
4 21
5 10
5 11
5 13
5 35
5 82
5 91
6 7
6 18
6 27
7 30
7 34
7 172
8 178
8 200
9 24
9 118
9 159
10 15
10 20
10 29
10 66
11 17
11 44
11 132
12 16
12 135
13 14
13 23
13 54
14 84
15 28
15 65
16 37
17 40
17 90
17 136
18 116
18 139
19 104
20 32
21 45
21 46
21 193
22 33
22 39
22 51
22 88
23 36
23 58
23 138
23 196
24 26
24 49
25 61
25 67
25 70
26 72
27 38
27 69
27 177
28 31
28 86
29 64
30 87
31 59
31 62
31 83
34 80
34 152
35 48
36 47
37 71
37 169
38 52
40 195
42 63
42 92
43 123
45 77
46 57
47 81
48 50
48 145
49 101
50 56
50 137
51 55
51 197
52 60
52 78
52 119
52 122
53 113
54 74
54 176
55 110
56 79
56 97
56 158
57 106
58 73
59 68
60 165
61 95
61 173
62 112
62 129
62 168
64 198
66 143
68 126
69 94
69 125
70 93
71 75
71 105
71 109
71 147
71 182
73 99
73 167
74 144
74 166
75 76
75 186
77 98
77 141
78 89
79 96
82 120
82 128
83 103
83 192
84 107
84 124
85 134
88 102
88 111
88 162
90 175
91 117
93 131
93 133
95 190
96 108
97 127
98 191
101 148
101 150
104 114
105 130
110 121
112 170
113 151
113 157
113 160
114 115
117 164
118 140
118 156
119 155
121 146
125 153
125 180
128 194
130 149
130 187
131 154
133 189
135 174
137 183
142 161
142 184
145 188
149 199
150 185
155 163
162 181
168 179
170 171
