501 500 500 500
0 1
0 2
0 18
0 28
0 40
0 49
0 92
0 337
0 368
1 4
1 41
1 401
2 3
2 5
2 9
2 16
2 25
2 44
2 113
2 199
3 7
3 10
3 42
3 67
3 165
3 244
3 333
4 6
4 8
4 241
5 26
5 33
5 421
6 11
6 14
6 15
6 27
7 13
7 402
8 17
8 60
9 21
9 24
9 85
9 141
9 174
9 267
9 411
10 22
10 63
10 172
10 222
10 230
11 12
11 23
11 47
11 93
11 438
13 62
13 70
13 149
14 19
14 71
14 123
14 189
14 193
14 196
14 217
15 31
15 52
15 74
15 82
15 94
15 129
16 137
16 183
17 46
17 66
17 146
17 256
18 291
19 20
19 32
19 48
19 61
19 77
19 83
19 198
20 150
20 162
20 208
20 248
21 45
21 197
21 400
22 29
22 34
23 43
23 97
23 473
24 143
24 164
24 318
25 54
25 345
26 30
26 64
27 56
28 36
28 53
28 87
29 57
29 89
29 151
29 255
29 317
30 35
30 80
30 99
30 278
30 481
31 38
31 69
32 37
32 39
32 131
33 152
33 478
34 88
34 211
34 397
35 51
35 58
35 188
35 388
35 439
36 100
36 180
36 200
36 286
36 359
36 435
37 155
37 349
37 426
39 114
39 182
40 68
40 237
40 272
41 72
41 76
41 102
41 176
42 125
44 161
44 293
45 79
46 352
47 50
47 268
48 135
49 154
49 207
50 59
50 104
50 115
51 347
52 406
53 167
53 184
53 305
53 425
54 55
54 145
55 65
55 348
56 84
56 103
56 330
56 356
56 443
57 73
57 81
58 91
58 378
59 96
59 227
61 139
61 242
61 319
61 341
61 432
62 371
63 375
63 379
65 147
65 403
66 171
67 134
68 353
69 126
69 428
71 157
72 75
72 106
72 140
72 204
72 442
73 275
73 340
73 393
74 228
75 78
75 90
76 95
76 98
76 246
77 86
77 108
77 166
78 124
78 214
79 101
79 132
79 344
81 254
81 457
82 219
83 112
83 187
83 238
84 128
84 170
84 185
84 287
85 122
85 405
85 459
88 342
89 178
89 436
90 109
91 111
91 127
91 281
93 380
95 121
95 133
95 285
96 229
99 130
99 216
100 105
100 107
100 177
100 264
100 290
101 118
101 239
101 247
102 142
102 168
102 181
102 336
103 116
103 153
103 195
103 212
104 294
104 452
105 120
105 496
106 119
106 173
106 295
106 303
108 160
109 110
110 266
110 360
112 205
112 260
112 327
112 430
113 461
114 218
116 117
116 156
116 169
116 203
116 283
116 499
118 335
119 144
119 464
120 138
122 224
122 234
122 315
122 486
124 231
124 372
125 163
126 418
127 136
127 148
128 243
128 482
129 235
129 250
130 175
130 292
131 245
132 460
134 179
135 343
138 225
138 407
139 226
141 332
141 399
144 223
144 276
147 233
148 301
148 312
149 361
150 158
150 302
152 206
153 194
153 325
154 450
155 186
156 331
157 328
158 159
158 236
159 190
161 329
163 210
164 316
165 191
166 320
167 307
169 479
169 489
170 213
170 323
171 192
172 334
173 253
174 251
174 297
177 280
177 386
179 350
179 394
180 310
181 364
183 265
184 306
184 477
185 201
187 440
188 202
188 445
189 249
190 300
190 322
193 232
194 373
194 463
195 258
197 209
200 296
200 404
202 447
206 279
206 309
207 220
208 299
208 313
208 321
208 462
208 492
210 417
211 263
211 377
211 385
213 215
213 221
213 274
216 282
217 262
221 383
222 240
223 261
223 498
225 465
226 490
228 339
228 392
228 497
234 451
236 270
239 271
244 269
244 304
244 369
244 434
246 422
248 429
249 259
249 381
250 252
251 284
251 415
255 257
255 396
255 419
257 387
257 470
258 391
259 384
260 298
260 338
263 277
263 433
265 288
265 441
267 273
272 308
273 326
273 423
276 494
277 314
277 484
279 289
281 311
283 366
289 351
289 354
289 472
290 358
291 355
291 466
292 469
293 374
297 420
299 324
301 468
304 362
309 365
309 424
309 454
309 493
310 398
311 431
312 367
313 357
318 453
322 474
327 487
328 408
329 370
333 346
333 382
333 485
338 444
344 389
344 390
344 483
347 476
350 412
353 427
360 376
360 488
361 410
361 471
362 363
363 495
367 446
368 449
372 395
377 500
385 413
397 409
398 475
403 414
405 416
409 455
413 491
414 480
419 437
433 456
436 458
447 448
460 467
0 1
0 499
1 2
2 3
3 4
4 5
5 6
6 7
7 8
8 9
9 10
10 11
11 12
12 13
13 14
14 15
15 16
16 17
17 18
18 19
19 20
20 21
21 22
22 23
23 24
24 25
25 26
26 27
27 28
28 29
29 30
30 31
31 32
32 33
33 34
34 35
35 36
36 37
37 38
38 39
39 40
40 41
41 42
42 43
43 44
44 45
45 46
46 47
47 48
48 49
49 50
50 51
51 52
52 53
53 54
54 55
55 56
56 57
57 58
58 59
59 60
60 61
61 62
62 63
63 64
64 65
65 66
66 67
67 68
68 69
69 70
70 71
71 72
72 73
73 74
74 75
75 76
76 77
77 78
78 79
79 80
80 81
81 82
82 83
83 84
84 85
85 86
86 87
87 88
88 89
89 90
90 91
91 92
92 93
93 94
94 95
95 96
96 97
97 98
98 99
99 100
100 101
101 102
102 103
103 104
104 105
105 106
106 107
107 108
108 109
109 110
110 111
111 112
112 113
113 114
114 115
115 116
116 117
117 118
118 119
119 120
120 121
121 122
122 123
123 124
124 125
125 126
126 127
127 128
128 129
129 130
130 131
131 132
132 133
133 134
134 135
135 136
136 137
137 138
138 139
139 140
140 141
141 142
142 143
143 144
144 145
145 146
146 147
147 148
148 149
149 150
150 151
151 152
152 153
153 154
154 155
155 156
156 157
157 158
158 159
159 160
160 161
161 162
162 163
163 164
164 165
165 166
166 167
167 168
168 169
169 170
170 171
171 172
172 173
173 174
174 175
175 176
176 177
177 178
178 179
179 180
180 181
181 182
182 183
183 184
184 185
185 186
186 187
187 188
188 189
189 190
190 191
191 192
192 193
193 194
194 195
195 196
196 197
197 198
198 199
199 200
200 201
201 202
202 203
203 204
204 205
205 206
206 207
207 208
208 209
209 210
210 211
211 212
212 213
213 214
214 215
215 216
216 217
217 218
218 219
219 220
220 221
221 222
222 223
223 224
224 225
225 226
226 227
227 228
228 229
229 230
230 231
231 232
232 233
233 234
234 235
235 236
236 237
237 238
238 239
239 240
240 241
241 242
242 243
243 244
244 245
245 246
246 247
247 248
248 249
249 250
250 251
251 252
252 253
253 254
254 255
255 256
256 257
257 258
258 259
259 260
260 261
261 262
262 263
263 264
264 265
265 266
266 267
267 268
268 269
269 270
270 271
271 272
272 273
273 274
274 275
275 276
276 277
277 278
278 279
279 280
280 281
281 282
282 283
283 284
284 285
285 286
286 287
287 288
288 289
289 290
290 291
291 292
292 293
293 294
294 295
295 296
296 297
297 298
298 299
299 300
300 301
301 302
302 303
303 304
304 305
305 306
306 307
307 308
308 309
309 310
310 311
311 312
312 313
313 314
314 315
315 316
316 317
317 318
318 319
319 320
320 321
321 322
322 323
323 324
324 325
325 326
326 327
327 328
328 329
329 330
330 331
331 332
332 333
333 334
334 335
335 336
336 337
337 338
338 339
339 340
340 341
341 342
342 343
343 344
344 345
345 346
346 347
347 348
348 349
349 350
350 351
351 352
352 353
353 354
354 355
355 356
356 357
357 358
358 359
359 360
360 361
361 362
362 363
363 364
364 365
365 366
366 367
367 368
368 369
369 370
370 371
371 372
372 373
373 374
374 375
375 376
376 377
377 378
378 379
379 380
380 381
381 382
382 383
383 384
384 385
385 386
386 387
387 388
388 389
389 390
390 391
391 392
392 393
393 394
394 395
395 396
396 397
397 398
398 399
399 400
400 401
401 402
402 403
403 404
404 405
405 406
406 407
407 408
408 409
409 410
410 411
411 412
412 413
413 414
414 415
415 416
416 417
417 418
418 419
419 420
420 421
421 422
422 423
423 424
424 425
425 426
426 427
427 428
428 429
429 430
430 431
431 432
432 433
433 434
434 435
435 436
436 437
437 438
438 439
439 440
440 441
441 442
442 443
443 444
444 445
445 446
446 447
447 448
448 449
449 450
450 451
451 452
452 453
453 454
454 455
455 456
456 457
457 458
458 459
459 460
460 461
461 462
462 463
463 464
464 465
465 466
466 467
467 468
468 469
469 470
470 471
471 472
472 473
473 474
474 475
475 476
476 477
477 478
478 479
479 480
480 481
481 482
482 483
483 484
484 485
485 486
486 487
487 488
488 489
489 490
490 491
491 492
492 493
493 494
494 495
495 496
496 497
497 498
498 499
