501 500 500 499
0 1
0 2
0 18
0 28
0 40
0 49
0 92
0 337
0 368
1 4
1 41
1 401
2 3
2 5
2 9
2 16
2 25
2 44
2 113
2 199
3 7
3 10
3 42
3 67
3 165
3 244
3 333
4 6
4 8
4 241
5 26
5 33
5 421
6 11
6 14
6 15
6 27
7 13
7 402
8 17
8 60
9 21
9 24
9 85
9 141
9 174
9 267
9 411
10 22
10 63
10 172
10 222
10 230
11 12
11 23
11 47
11 93
11 438
13 62
13 70
13 149
14 19
14 71
14 123
14 189
14 193
14 196
14 217
15 31
15 52
15 74
15 82
15 94
15 129
16 137
16 183
17 46
17 66
17 146
17 256
18 291
19 20
19 32
19 48
19 61
19 77
19 83
19 198
20 150
20 162
20 208
20 248
21 45
21 197
21 400
22 29
22 34
23 43
23 97
23 473
24 143
24 164
24 318
25 54
25 345
26 30
26 64
27 56
28 36
28 53
28 87
29 57
29 89
29 151
29 255
29 317
30 35
30 80
30 99
30 278
30 481
31 38
31 69
32 37
32 39
32 131
33 152
33 478
34 88
34 211
34 397
35 51
35 58
35 188
35 388
35 439
36 100
36 180
36 200
36 286
36 359
36 435
37 155
37 349
37 426
39 114
39 182
40 68
40 237
40 272
41 72
41 76
41 102
41 176
42 125
44 161
44 293
45 79
46 352
47 50
47 268
48 135
49 154
49 207
50 59
50 104
50 115
51 347
52 406
53 167
53 184
53 305
53 425
54 55
54 145
55 65
55 348
56 84
56 103
56 330
56 356
56 443
57 73
57 81
58 91
58 378
59 96
59 227
61 139
61 242
61 319
61 341
61 432
62 371
63 375
63 379
65 147
65 403
66 171
67 134
68 353
69 126
69 428
71 157
72 75
72 106
72 140
72 204
72 442
73 275
73 340
73 393
74 228
75 78
75 90
76 95
76 98
76 246
77 86
77 108
77 166
78 124
78 214
79 101
79 132
79 344
81 254
81 457
82 219
83 112
83 187
83 238
84 128
84 170
84 185
84 287
85 122
85 405
85 459
88 342
89 178
89 436
90 109
91 111
91 127
91 281
93 380
95 121
95 133
95 285
96 229
99 130
99 216
100 105
100 107
100 177
100 264
100 290
101 118
101 239
101 247
102 142
102 168
102 181
102 336
103 116
103 153
103 195
103 212
104 294
104 452
105 120
105 496
106 119
106 173
106 295
106 303
108 160
109 110
110 266
110 360
112 205
112 260
112 327
112 430
113 461
114 218
116 117
116 156
116 169
116 203
116 283
116 499
118 335
119 144
119 464
120 138
122 224
122 234
122 315
122 486
124 231
124 372
125 163
126 418
127 136
127 148
128 243
128 482
129 235
129 250
130 175
130 292
131 245
132 460
134 179
135 343
138 225
138 407
139 226
141 332
141 399
144 223
144 276
147 233
148 301
148 312
149 361
150 158
150 302
152 206
153 194
153 325
154 450
155 186
156 331
157 328
158 159
158 236
159 190
161 329
163 210
164 316
165 191
166 320
167 307
169 479
169 489
170 213
170 323
171 192
172 334
173 253
174 251
174 297
177 280
177 386
179 350
179 394
180 310
181 364
183 265
184 306
184 477
185 201
187 440
188 202
188 445
189 249
190 300
190 322
193 232
194 373
194 463
195 258
197 209
200 296
200 404
202 447
206 279
206 309
207 220
208 299
208 313
208 321
208 462
208 492
210 417
211 263
211 377
211 385
213 215
213 221
213 274
216 282
217 262
221 383
222 240
223 261
223 498
225 465
226 490
228 339
228 392
228 497
234 451
236 270
239 271
244 269
244 304
244 369
244 434
246 422
248 429
249 259
249 381
250 252
251 284
251 415
255 257
255 396
255 419
257 387
257 470
258 391
259 384
260 298
260 338
263 277
263 433
265 288
265 441
267 273
272 308
273 326
273 423
276 494
277 314
277 484
279 289
281 311
283 366
289 351
289 354
289 472
290 358
291 355
291 466
292 469
293 374
297 420
299 324
301 468
304 362
309 365
309 424
309 454
309 493
310 398
311 431
312 367
313 357
318 453
322 474
327 487
328 408
329 370
333 346
333 382
333 485
338 444
344 389
344 390
344 483
347 476
350 412
353 427
360 376
360 488
361 410
361 471
362 363
363 495
367 446
368 449
372 395
377 500
385 413
397 409
398 475
403 414
405 416
409 455
413 491
414 480
419 437
433 456
436 458
447 448
460 467
0 1
0 2
0 3
0 7
0 12
0 28
0 40
0 49
0 56
0 96
0 257
0 450
1 31
1 222
2 34
2 69
3 4
3 5
3 17
3 37
3 64
3 354
4 6
4 16
4 43
4 83
4 394
5 11
5 91
5 115
5 123
5 146
5 162
5 362
6 9
6 57
6 135
7 8
7 10
7 125
7 143
7 470
8 75
9 15
9 18
9 52
9 93
9 265
10 29
10 86
10 128
10 201
10 221
10 482
11 14
11 27
11 44
11 134
11 426
12 13
12 26
12 59
12 98
13 19
13 20
13 22
13 51
13 191
13 245
13 402
14 90
14 202
15 47
15 97
16 23
16 24
16 33
16 38
16 79
17 35
17 89
18 39
19 21
19 109
19 122
19 203
19 250
20 116
21 68
21 177
21 389
22 36
22 100
23 25
23 32
23 103
23 274
24 118
24 176
24 363
24 430
25 48
25 95
25 206
26 210
27 30
28 41
28 82
28 411
28 498
29 53
29 341
30 451
31 182
32 60
32 71
32 72
32 101
33 45
33 275
33 453
35 67
35 140
35 189
35 234
37 77
37 111
37 166
37 356
37 387
37 435
38 175
38 329
39 489
40 42
40 54
40 160
40 194
40 347
41 70
41 155
42 46
42 50
42 142
43 76
43 413
43 492
44 58
44 281
45 78
45 463
46 156
46 282
47 416
47 428
48 186
48 251
48 429
49 55
49 172
49 228
49 331
50 184
50 242
50 266
50 406
51 121
51 287
53 289
55 63
55 348
56 65
56 84
56 185
57 110
58 61
58 130
58 255
59 80
59 224
59 262
60 138
60 247
61 62
61 66
61 112
62 73
62 92
63 104
63 340
63 472
65 288
67 154
68 107
68 174
68 240
69 87
69 290
69 293
69 355
70 94
71 225
72 74
73 168
73 183
73 218
74 233
75 151
75 332
75 438
76 127
76 231
76 318
76 420
77 271
78 85
78 102
79 81
79 150
79 244
79 409
81 88
81 243
81 258
82 99
82 117
82 119
82 170
82 187
82 408
83 204
83 308
83 437
84 334
84 350
85 136
86 105
86 230
86 418
87 144
87 169
87 291
87 395
90 171
90 214
91 462
92 120
93 337
93 342
94 163
95 181
95 297
95 427
97 317
98 236
98 261
98 273
99 145
99 235
99 367
99 471
100 205
100 441
102 106
103 132
103 141
104 133
104 352
105 149
105 286
106 108
106 417
107 263
108 113
108 139
108 199
108 292
109 114
109 147
109 215
109 452
111 153
111 249
112 499
113 137
113 239
113 252
113 431
115 131
116 322
117 188
117 309
118 129
119 496
120 165
120 474
121 124
121 238
121 375
122 173
123 126
124 152
124 484
125 377
126 324
127 211
127 272
128 158
128 397
129 447
131 346
132 161
132 445
134 219
136 157
136 167
136 216
136 304
138 180
140 220
140 270
140 373
142 476
143 253
144 223
145 148
146 269
148 159
149 164
149 314
149 478
151 212
152 178
153 256
155 312
159 193
159 330
161 299
162 179
162 296
163 198
163 283
163 298
164 217
167 465
167 481
168 284
170 321
172 229
172 421
173 446
174 364
174 468
175 383
176 190
176 405
177 196
177 349
178 267
178 268
179 192
179 208
182 209
183 464
184 226
184 306
189 195
190 197
194 237
195 200
195 479
196 319
197 400
198 276
198 310
198 380
198 487
199 213
201 344
202 241
203 333
204 277
204 460
206 207
206 335
209 227
209 295
211 246
214 279
215 432
216 466
217 254
217 359
218 370
220 315
223 390
223 423
226 345
227 391
228 232
229 386
231 493
233 300
233 371
236 248
237 278
238 260
238 338
238 488
239 280
240 424
243 365
244 491
245 495
248 379
250 259
250 328
251 285
251 398
252 433
255 422
259 361
260 376
260 384
261 264
263 457
267 323
268 327
269 454
270 469
271 313
272 399
273 303
274 351
275 368
277 307
281 366
282 294
285 305
286 410
286 444
291 320
291 343
291 388
292 336
292 412
293 301
297 403
300 302
301 459
302 456
303 360
304 311
304 316
304 381
305 339
311 325
313 449
317 404
319 357
322 326
322 372
328 401
337 353
342 467
345 419
347 490
349 448
351 358
353 485
354 393
354 477
355 483
356 369
357 414
358 378
359 455
362 461
365 382
372 374
372 385
376 392
382 480
383 425
388 396
388 434
388 442
394 443
397 475
400 407
405 440
412 415
419 436
430 473
433 439
433 458
439 494
445 497
466 486
