500 6164 501 6298
0 259
0 270
0 271
0 273
0 274
0 275
0 287
0 294
0 296
0 303
0 307
0 337
0 347
0 354
0 366
0 378
0 398
0 404
0 410
0 417
0 419
0 422
0 443
0 452
0 473
0 490
0 498
1 252
1 276
1 296
1 320
1 322
1 327
1 329
1 334
1 346
1 373
1 374
1 377
1 385
1 401
1 406
1 427
1 429
1 434
1 449
1 451
1 486
1 494
1 499
2 253
2 255
2 257
2 258
2 261
2 265
2 266
2 273
2 279
2 307
2 308
2 310
2 313
2 317
2 341
2 342
2 343
2 344
2 353
2 359
2 377
2 391
2 398
2 406
2 423
2 438
2 463
2 470
2 472
2 474
2 486
3 253
3 270
3 276
3 289
3 316
3 335
3 343
3 358
3 359
3 363
3 367
3 378
3 385
3 388
3 401
3 410
3 426
3 436
3 439
3 468
3 476
3 486
3 496
4 255
4 269
4 283
4 284
4 298
4 303
4 321
4 337
4 341
4 351
4 362
4 373
4 417
4 427
4 444
4 446
4 453
4 498
5 260
5 269
5 274
5 278
5 285
5 303
5 319
5 320
5 349
5 355
5 357
5 375
5 376
5 377
5 380
5 419
5 425
5 433
5 434
5 447
5 450
5 452
5 454
5 472
5 473
6 251
6 254
6 265
6 278
6 289
6 291
6 310
6 330
6 339
6 346
6 349
6 366
6 411
6 414
6 416
6 422
6 424
6 426
6 428
6 432
6 436
6 438
6 443
6 454
6 456
6 462
6 474
6 483
6 484
6 488
6 492
6 497
7 262
7 265
7 285
7 291
7 332
7 333
7 358
7 362
7 363
7 368
7 385
7 389
7 396
7 399
7 401
7 412
7 420
7 422
7 424
7 427
7 440
7 443
7 462
7 468
7 471
7 472
7 475
7 481
8 255
8 282
8 297
8 306
8 320
8 353
8 358
8 365
8 372
8 375
8 386
8 394
8 406
8 415
8 435
8 449
8 454
8 461
8 468
8 481
8 482
8 483
8 487
8 495
9 251
9 268
9 276
9 284
9 305
9 314
9 329
9 339
9 350
9 374
9 383
9 387
9 407
9 408
9 411
9 414
9 419
9 432
9 443
9 460
9 465
9 496
10 251
10 253
10 255
10 256
10 263
10 269
10 277
10 292
10 294
10 299
10 302
10 305
10 307
10 308
10 319
10 322
10 325
10 343
10 350
10 353
10 360
10 371
10 372
10 395
10 406
10 417
10 418
10 431
10 437
10 438
10 464
10 471
10 487
10 489
10 494
10 498
11 253
11 308
11 314
11 326
11 341
11 348
11 373
11 388
11 401
11 404
11 405
11 412
11 428
11 452
11 470
11 482
11 491
12 251
12 261
12 274
12 289
12 292
12 298
12 300
12 306
12 317
12 318
12 322
12 328
12 329
12 346
12 348
12 349
12 361
12 363
12 372
12 378
12 407
12 410
12 411
12 415
12 420
12 421
12 429
12 430
12 445
12 447
12 455
12 463
12 467
12 473
12 476
12 481
12 498
13 260
13 266
13 319
13 332
13 345
13 355
13 363
13 364
13 379
13 380
13 386
13 387
13 402
13 427
13 443
13 446
13 447
13 449
13 455
13 460
13 461
13 479
13 484
13 490
14 252
14 264
14 273
14 275
14 326
14 332
14 337
14 341
14 356
14 362
14 364
14 372
14 380
14 386
14 404
14 413
14 428
14 433
14 454
14 468
14 478
14 487
14 492
14 498
15 254
15 267
15 271
15 274
15 282
15 283
15 285
15 323
15 343
15 348
15 359
15 365
15 370
15 386
15 390
15 407
15 413
15 428
15 432
15 434
15 438
15 440
15 451
15 474
15 479
15 484
15 485
15 494
16 253
16 272
16 276
16 286
16 291
16 312
16 315
16 325
16 327
16 331
16 361
16 367
16 396
16 404
16 410
16 425
16 445
16 467
16 475
16 495
17 262
17 283
17 284
17 287
17 308
17 325
17 346
17 347
17 353
17 356
17 357
17 360
17 407
17 420
17 421
17 434
17 440
17 473
17 477
17 485
17 486
17 493
18 274
18 293
18 294
18 318
18 331
18 346
18 357
18 366
18 367
18 395
18 399
18 402
18 407
18 428
18 451
18 480
18 484
19 260
19 265
19 272
19 286
19 303
19 354
19 356
19 360
19 373
19 384
19 390
19 411
19 417
19 418
19 429
19 431
19 435
19 453
19 455
19 457
20 263
20 267
20 274
20 278
20 291
20 294
20 302
20 327
20 339
20 354
20 360
20 363
20 367
20 375
20 389
20 397
20 411
20 422
20 437
20 463
20 465
20 468
20 475
20 477
20 482
21 257
21 315
21 353
21 398
21 406
21 423
21 451
21 454
21 466
21 477
21 481
21 491
21 495
22 251
22 288
22 292
22 309
22 310
22 315
22 320
22 322
22 327
22 337
22 340
22 342
22 355
22 358
22 382
22 403
22 442
22 463
22 479
22 486
22 487
23 257
23 260
23 274
23 275
23 280
23 284
23 289
23 297
23 298
23 307
23 350
23 372
23 393
23 399
23 426
23 435
23 440
23 449
23 451
23 487
23 495
24 269
24 294
24 327
24 356
24 373
24 394
24 396
24 403
24 405
24 410
24 415
24 421
24 454
24 481
24 485
24 490
24 491
25 253
25 254
25 262
25 274
25 278
25 306
25 321
25 325
25 339
25 345
25 350
25 354
25 403
25 404
25 405
25 408
25 429
25 430
25 447
25 454
25 463
25 465
25 476
25 481
25 482
25 486
25 491
25 494
25 495
26 250
26 251
26 276
26 284
26 285
26 295
26 302
26 328
26 340
26 346
26 348
26 359
26 361
26 397
26 399
26 433
26 468
26 472
27 256
27 261
27 267
27 269
27 275
27 277
27 285
27 287
27 296
27 310
27 311
27 319
27 320
27 321
27 353
27 369
27 371
27 393
27 397
27 400
27 411
27 420
27 440
27 442
27 448
27 457
27 458
27 468
27 477
27 486
28 254
28 270
28 272
28 273
28 286
28 290
28 294
28 299
28 305
28 306
28 310
28 315
28 318
28 321
28 331
28 348
28 367
28 374
28 385
28 395
28 411
28 414
28 421
28 425
28 471
28 476
28 488
29 258
29 263
29 270
29 276
29 292
29 293
29 307
29 319
29 333
29 367
29 371
29 375
29 379
29 404
29 412
29 424
29 425
29 426
29 430
29 446
29 469
29 475
29 476
29 495
29 498
29 499
30 255
30 256
30 291
30 293
30 301
30 321
30 324
30 325
30 339
30 358
30 382
30 388
30 393
30 413
30 429
30 432
30 434
30 443
30 460
30 463
30 472
30 473
30 478
30 485
30 494
30 496
31 262
31 270
31 272
31 275
31 285
31 287
31 297
31 314
31 325
31 329
31 361
31 370
31 380
31 382
31 384
31 395
31 415
31 422
31 426
31 448
31 455
31 463
31 470
31 472
31 478
32 255
32 259
32 267
32 272
32 283
32 295
32 316
32 318
32 325
32 331
32 335
32 340
32 359
32 362
32 363
32 372
32 376
32 383
32 389
32 408
32 422
32 440
32 444
32 467
32 468
32 469
32 481
32 496
33 269
33 278
33 305
33 347
33 353
33 355
33 356
33 364
33 390
33 410
33 411
33 417
33 444
33 488
34 262
34 264
34 288
34 298
34 302
34 306
34 308
34 312
34 318
34 328
34 367
34 376
34 383
34 388
34 390
34 400
34 402
34 423
34 434
34 458
34 460
34 473
34 477
34 480
34 496
35 258
35 266
35 270
35 283
35 289
35 300
35 304
35 312
35 332
35 337
35 339
35 341
35 348
35 376
35 391
35 396
35 400
35 402
35 409
35 415
35 420
35 436
35 441
35 443
35 446
35 461
35 468
35 484
35 491
36 258
36 264
36 276
36 281
36 294
36 301
36 303
36 308
36 313
36 330
36 337
36 350
36 358
36 360
36 369
36 374
36 376
36 387
36 390
36 410
36 456
36 465
36 469
36 473
36 474
36 484
36 485
36 487
36 497
37 280
37 281
37 293
37 307
37 314
37 325
37 331
37 337
37 353
37 355
37 356
37 371
37 374
37 381
37 384
37 388
37 390
37 391
37 393
37 395
37 401
37 411
37 423
37 426
37 462
37 469
37 476
37 497
37 498
38 250
38 270
38 273
38 285
38 289
38 295
38 299
38 319
38 361
38 367
38 374
38 379
38 403
38 404
38 421
38 422
38 426
38 431
38 439
38 443
38 446
38 478
38 493
38 499
39 256
39 258
39 266
39 269
39 276
39 277
39 280
39 285
39 286
39 289
39 309
39 320
39 329
39 365
39 370
39 375
39 384
39 390
39 391
39 396
39 406
39 418
39 421
39 422
39 424
39 431
39 434
39 437
39 452
39 455
39 456
39 460
39 462
39 465
39 471
40 250
40 252
40 256
40 260
40 262
40 279
40 284
40 287
40 314
40 319
40 328
40 329
40 340
40 342
40 345
40 387
40 428
40 432
40 440
40 457
40 475
40 477
41 260
41 263
41 271
41 295
41 317
41 319
41 344
41 356
41 360
41 376
41 379
41 393
41 400
41 412
41 413
41 428
41 431
41 441
41 442
41 455
41 463
41 485
42 253
42 260
42 262
42 269
42 270
42 272
42 273
42 275
42 280
42 294
42 296
42 305
42 312
42 323
42 331
42 343
42 344
42 363
42 374
42 419
42 433
42 440
42 444
42 452
42 458
42 481
42 491
43 270
43 283
43 287
43 291
43 317
43 335
43 353
43 357
43 358
43 361
43 362
43 363
43 373
43 388
43 389
43 392
43 394
43 406
43 408
43 411
43 424
43 439
43 450
43 485
44 256
44 262
44 267
44 269
44 277
44 280
44 286
44 323
44 333
44 335
44 340
44 351
44 359
44 361
44 405
44 410
44 427
44 429
44 434
44 446
44 448
44 478
44 494
45 262
45 274
45 284
45 291
45 295
45 301
45 307
45 316
45 331
45 332
45 334
45 373
45 382
45 385
45 395
45 396
45 411
45 421
45 431
45 444
45 446
45 448
45 450
45 460
45 487
45 489
46 255
46 263
46 265
46 271
46 273
46 278
46 283
46 285
46 325
46 334
46 336
46 343
46 353
46 368
46 370
46 397
46 408
46 412
46 414
46 416
46 422
46 452
46 486
47 251
47 279
47 285
47 298
47 319
47 321
47 324
47 335
47 342
47 343
47 346
47 368
47 375
47 383
47 386
47 391
47 395
47 401
47 423
47 455
48 254
48 279
48 292
48 316
48 318
48 338
48 354
48 359
48 375
48 404
48 415
48 419
48 427
48 432
48 467
48 472
48 474
48 477
48 489
48 491
48 496
48 499
49 254
49 265
49 279
49 280
49 312
49 316
49 335
49 336
49 355
49 360
49 366
49 368
49 385
49 409
49 416
49 422
49 428
49 430
49 432
49 439
49 451
49 495
49 497
50 259
50 267
50 274
50 281
50 308
50 312
50 325
50 352
50 362
50 374
50 392
50 401
50 413
50 414
50 416
50 423
50 430
50 451
50 452
50 456
50 472
50 489
50 499
51 252
51 263
51 294
51 300
51 309
51 314
51 329
51 334
51 369
51 376
51 390
51 405
51 413
51 420
51 432
51 449
51 472
51 480
51 481
51 487
51 495
51 496
51 497
52 251
52 272
52 293
52 304
52 311
52 324
52 331
52 339
52 342
52 344
52 345
52 351
52 367
52 370
52 372
52 375
52 380
52 382
52 393
52 404
52 405
52 414
52 452
52 477
53 287
53 308
53 312
53 313
53 330
53 331
53 339
53 345
53 374
53 378
53 380
53 383
53 386
53 404
53 409
53 445
53 448
53 468
53 470
53 491
53 493
53 497
54 268
54 269
54 287
54 291
54 332
54 337
54 349
54 361
54 367
54 369
54 389
54 392
54 393
54 409
54 428
54 429
54 437
54 439
54 445
54 449
54 451
54 456
54 458
54 459
54 467
54 470
55 255
55 258
55 274
55 298
55 304
55 306
55 308
55 309
55 311
55 327
55 329
55 336
55 357
55 360
55 361
55 377
55 396
55 397
55 416
55 422
55 432
55 459
55 471
55 484
55 489
55 496
55 497
56 260
56 272
56 273
56 284
56 286
56 296
56 316
56 323
56 337
56 342
56 369
56 377
56 384
56 385
56 391
56 392
56 396
56 401
56 403
56 412
56 421
56 443
56 467
56 487
56 491
56 492
56 496
57 253
57 257
57 276
57 278
57 284
57 294
57 298
57 310
57 317
57 334
57 342
57 346
57 353
57 361
57 376
57 397
57 398
57 412
57 425
57 429
57 433
57 445
57 451
57 455
57 490
57 495
57 499
58 282
58 299
58 321
58 324
58 326
58 329
58 342
58 354
58 363
58 376
58 381
58 382
58 405
58 409
58 411
58 412
58 415
58 421
58 429
58 434
58 443
58 446
58 478
58 488
59 253
59 296
59 302
59 306
59 327
59 333
59 339
59 341
59 346
59 349
59 365
59 369
59 372
59 376
59 387
59 391
59 395
59 401
59 405
59 406
59 411
59 415
59 418
59 429
59 432
59 438
59 439
59 445
59 459
59 480
59 485
59 492
59 495
59 496
60 251
60 263
60 265
60 275
60 279
60 282
60 288
60 303
60 306
60 328
60 355
60 356
60 359
60 369
60 381
60 385
60 391
60 398
60 403
60 416
60 423
60 424
60 428
60 455
60 457
60 459
60 470
60 479
60 485
61 252
61 255
61 258
61 271
61 285
61 297
61 300
61 304
61 309
61 314
61 361
61 366
61 367
61 385
61 390
61 391
61 393
61 404
61 412
61 438
61 446
61 453
61 472
61 486
61 490
61 496
62 284
62 291
62 301
62 306
62 313
62 326
62 348
62 350
62 352
62 362
62 371
62 389
62 424
62 425
62 460
62 462
62 485
62 492
62 499
63 260
63 262
63 266
63 268
63 289
63 301
63 309
63 310
63 318
63 325
63 327
63 340
63 345
63 355
63 371
63 377
63 395
63 400
63 411
63 413
63 433
63 434
63 451
63 452
63 456
63 463
63 485
63 496
63 498
64 252
64 265
64 273
64 274
64 279
64 288
64 292
64 293
64 296
64 311
64 340
64 354
64 355
64 381
64 388
64 389
64 390
64 395
64 404
64 406
64 410
64 421
64 427
64 429
64 435
64 439
64 469
64 474
64 479
64 485
64 487
65 251
65 299
65 308
65 312
65 320
65 340
65 345
65 346
65 358
65 365
65 374
65 377
65 379
65 384
65 414
65 441
65 442
65 445
65 448
65 452
65 457
65 459
65 464
65 475
65 497
66 257
66 265
66 273
66 278
66 283
66 301
66 340
66 405
66 408
66 427
66 482
66 493
66 494
67 252
67 280
67 281
67 293
67 316
67 332
67 338
67 342
67 355
67 368
67 382
67 392
67 421
67 425
67 426
67 443
67 447
67 471
67 496
68 300
68 308
68 314
68 325
68 326
68 340
68 342
68 345
68 348
68 358
68 364
68 366
68 375
68 382
68 384
68 391
68 398
68 407
68 414
68 432
68 452
68 465
68 483
69 258
69 261
69 264
69 271
69 280
69 291
69 318
69 325
69 328
69 334
69 343
69 347
69 364
69 380
69 387
69 393
69 406
69 422
69 426
69 440
69 444
69 455
69 458
69 468
69 471
69 475
69 497
70 252
70 258
70 259
70 266
70 282
70 288
70 291
70 299
70 328
70 334
70 340
70 350
70 351
70 353
70 355
70 357
70 390
70 422
70 424
70 429
70 458
70 462
70 474
70 480
70 495
71 250
71 271
71 290
71 314
71 316
71 354
71 376
71 382
71 388
71 392
71 401
71 405
71 411
71 421
71 427
71 434
71 447
71 453
71 458
71 464
71 480
71 482
72 262
72 267
72 275
72 282
72 293
72 294
72 302
72 304
72 311
72 314
72 331
72 332
72 356
72 362
72 375
72 376
72 385
72 386
72 388
72 394
72 441
72 449
72 465
73 269
73 282
73 294
73 304
73 305
73 308
73 314
73 331
73 338
73 357
73 396
73 404
73 407
73 446
73 457
73 458
73 469
73 492
73 497
74 253
74 286
74 302
74 303
74 318
74 327
74 341
74 368
74 378
74 387
74 395
74 401
74 415
74 418
74 426
74 435
74 442
74 455
74 474
74 475
74 476
74 492
75 265
75 271
75 286
75 304
75 314
75 324
75 332
75 335
75 348
75 358
75 365
75 382
75 407
75 418
75 419
75 424
75 426
75 432
75 444
75 446
75 449
75 480
75 482
75 484
75 491
76 260
76 262
76 263
76 265
76 266
76 268
76 272
76 276
76 280
76 288
76 300
76 303
76 310
76 318
76 326
76 328
76 333
76 342
76 351
76 372
76 390
76 405
76 409
76 414
76 419
76 429
76 431
76 449
76 473
76 484
76 489
77 258
77 266
77 273
77 274
77 286
77 287
77 289
77 306
77 316
77 321
77 327
77 344
77 377
77 392
77 396
77 403
77 413
77 417
77 421
77 439
77 446
77 452
77 465
77 473
77 474
77 477
77 480
77 483
77 485
77 490
77 491
78 258
78 261
78 263
78 269
78 272
78 279
78 280
78 296
78 313
78 321
78 336
78 345
78 347
78 359
78 362
78 382
78 383
78 398
78 424
78 442
78 464
78 470
78 483
79 251
79 277
79 285
79 294
79 298
79 319
79 328
79 341
79 358
79 376
79 377
79 378
79 395
79 422
79 427
79 429
79 432
79 436
79 444
79 468
79 491
79 492
79 496
80 258
80 260
80 289
80 293
80 313
80 316
80 351
80 359
80 360
80 365
80 370
80 398
80 401
80 406
80 407
80 408
80 414
80 456
80 458
80 465
80 477
80 489
80 493
80 496
81 253
81 272
81 283
81 292
81 296
81 300
81 305
81 311
81 322
81 324
81 345
81 346
81 349
81 374
81 383
81 386
81 392
81 397
81 412
81 415
81 433
81 438
81 468
81 476
81 488
81 497
82 254
82 267
82 272
82 274
82 282
82 285
82 293
82 328
82 337
82 343
82 358
82 373
82 378
82 402
82 405
82 437
82 458
82 468
82 469
82 482
82 492
82 493
82 496
82 499
83 265
83 267
83 279
83 287
83 289
83 292
83 309
83 314
83 329
83 333
83 335
83 363
83 369
83 370
83 371
83 375
83 396
83 410
83 415
83 416
83 421
83 442
83 450
83 478
83 489
83 492
84 275
84 281
84 282
84 295
84 308
84 318
84 323
84 330
84 334
84 352
84 368
84 369
84 370
84 388
84 391
84 413
84 423
84 437
84 457
84 458
84 460
84 474
84 480
84 483
84 487
85 262
85 263
85 269
85 277
85 291
85 296
85 298
85 344
85 356
85 376
85 390
85 404
85 407
85 413
85 424
85 426
85 437
85 453
85 467
85 477
85 486
85 487
85 493
86 261
86 269
86 270
86 286
86 296
86 300
86 339
86 340
86 351
86 355
86 362
86 384
86 391
86 396
86 403
86 413
86 421
86 426
86 431
86 434
86 442
86 465
86 466
86 492
87 261
87 262
87 306
87 315
87 333
87 346
87 353
87 362
87 367
87 371
87 374
87 377
87 399
87 407
87 410
87 417
87 421
87 432
87 436
87 450
87 454
87 468
87 476
87 492
88 252
88 264
88 274
88 275
88 281
88 286
88 291
88 299
88 342
88 345
88 348
88 364
88 365
88 370
88 373
88 376
88 379
88 390
88 392
88 415
88 436
88 443
88 467
88 473
88 484
88 486
88 492
88 498
89 255
89 258
89 265
89 272
89 288
89 306
89 308
89 315
89 321
89 333
89 337
89 356
89 363
89 365
89 366
89 368
89 373
89 374
89 378
89 384
89 389
89 391
89 393
89 410
89 418
89 421
89 426
89 428
89 440
89 450
89 455
89 463
89 497
90 252
90 287
90 296
90 300
90 306
90 318
90 319
90 334
90 345
90 369
90 371
90 376
90 390
90 392
90 396
90 413
90 428
90 432
90 464
90 468
91 258
91 259
91 262
91 272
91 273
91 275
91 281
91 282
91 287
91 300
91 307
91 317
91 318
91 328
91 329
91 359
91 380
91 386
91 391
91 418
91 425
91 429
91 431
91 433
91 438
91 444
91 450
91 460
91 468
91 471
91 485
91 489
91 496
92 263
92 266
92 269
92 270
92 272
92 273
92 282
92 292
92 306
92 317
92 321
92 326
92 346
92 351
92 356
92 359
92 360
92 365
92 370
92 387
92 390
92 391
92 404
92 405
92 417
92 420
92 428
92 429
92 446
92 467
92 484
92 486
93 251
93 279
93 282
93 283
93 288
93 303
93 307
93 310
93 312
93 316
93 319
93 320
93 325
93 329
93 354
93 361
93 370
93 395
93 396
93 411
93 414
93 423
93 431
93 445
93 461
93 469
94 255
94 259
94 265
94 277
94 283
94 298
94 322
94 327
94 340
94 348
94 350
94 353
94 363
94 376
94 379
94 391
94 394
94 403
94 413
94 415
94 418
94 443
94 446
94 449
94 450
94 468
94 472
94 483
94 488
94 492
95 260
95 276
95 277
95 292
95 302
95 342
95 349
95 351
95 358
95 359
95 405
95 434
95 447
95 449
95 462
95 465
95 481
95 482
95 483
96 257
96 272
96 284
96 286
96 293
96 308
96 309
96 312
96 328
96 333
96 352
96 369
96 375
96 388
96 416
96 421
96 433
96 437
96 443
96 499
97 254
97 262
97 264
97 268
97 303
97 327
97 338
97 343
97 350
97 365
97 370
97 372
97 383
97 392
97 405
97 407
97 414
97 416
97 420
97 423
97 432
97 434
97 452
97 458
97 462
97 470
97 488
98 254
98 269
98 270
98 282
98 285
98 287
98 294
98 295
98 297
98 299
98 300
98 328
98 331
98 360
98 372
98 405
98 413
98 420
98 426
98 461
98 464
98 472
99 266
99 280
99 291
99 296
99 298
99 306
99 315
99 325
99 342
99 347
99 349
99 358
99 359
99 363
99 370
99 381
99 391
99 410
99 420
99 427
99 430
99 432
99 436
99 480
99 482
99 493
99 496
99 497
100 287
100 288
100 289
100 290
100 300
100 318
100 321
100 333
100 365
100 402
100 409
100 444
100 456
100 462
100 465
100 467
100 484
100 490
100 491
100 497
101 254
101 256
101 265
101 285
101 291
101 297
101 337
101 361
101 370
101 373
101 374
101 377
101 378
101 410
101 423
101 427
101 437
101 446
101 464
101 468
101 481
102 260
102 261
102 290
102 304
102 305
102 311
102 324
102 329
102 340
102 342
102 344
102 352
102 355
102 362
102 364
102 372
102 376
102 397
102 399
102 401
102 411
102 413
102 426
102 430
102 435
102 443
102 445
102 448
102 452
102 486
103 256
103 262
103 272
103 278
103 288
103 295
103 311
103 322
103 329
103 331
103 337
103 375
103 376
103 387
103 388
103 456
103 461
103 462
103 467
103 479
103 483
103 486
103 494
103 498
104 272
104 274
104 275
104 277
104 289
104 310
104 314
104 325
104 334
104 340
104 346
104 347
104 351
104 374
104 385
104 386
104 390
104 402
104 405
104 417
104 423
104 456
104 460
104 481
104 482
104 483
104 494
105 259
105 267
105 272
105 279
105 293
105 296
105 302
105 317
105 344
105 358
105 391
105 398
105 415
105 423
105 435
105 443
105 450
105 452
105 462
105 466
105 472
105 476
105 494
105 496
105 497
106 262
106 263
106 280
106 289
106 304
106 314
106 354
106 361
106 368
106 400
106 405
106 406
106 423
106 438
106 443
106 450
106 452
106 458
106 461
106 477
106 478
106 480
106 481
106 483
106 487
106 492
107 279
107 290
107 298
107 314
107 317
107 350
107 356
107 361
107 372
107 374
107 383
107 409
107 412
107 426
107 469
107 477
107 478
107 479
107 494
107 495
108 264
108 278
108 293
108 352
108 359
108 360
108 375
108 376
108 388
108 392
108 410
108 421
108 431
108 474
108 480
108 487
109 260
109 262
109 270
109 273
109 291
109 292
109 305
109 318
109 332
109 337
109 365
109 389
109 417
109 424
109 429
109 431
109 432
109 433
109 450
109 457
109 461
109 464
109 470
109 493
109 497
110 252
110 256
110 264
110 266
110 267
110 278
110 293
110 310
110 314
110 327
110 331
110 333
110 339
110 340
110 353
110 429
110 461
110 467
110 496
111 275
111 277
111 281
111 286
111 296
111 308
111 309
111 312
111 316
111 352
111 356
111 376
111 411
111 415
111 423
111 427
111 429
111 437
111 453
111 463
111 479
111 483
111 491
112 261
112 270
112 291
112 307
112 313
112 334
112 340
112 345
112 355
112 362
112 365
112 371
112 384
112 389
112 402
112 404
112 411
112 413
112 440
112 456
112 477
112 482
112 484
112 487
112 489
113 251
113 281
113 326
113 328
113 338
113 365
113 367
113 372
113 385
113 420
113 424
113 426
113 447
113 452
113 455
113 459
113 463
113 472
114 260
114 262
114 272
114 282
114 294
114 304
114 310
114 313
114 315
114 321
114 329
114 351
114 354
114 359
114 375
114 376
114 400
114 402
114 415
114 419
114 421
114 427
114 429
114 439
114 441
114 445
114 473
114 475
114 477
114 479
114 499
115 259
115 284
115 285
115 286
115 289
115 307
115 315
115 324
115 325
115 334
115 348
115 356
115 357
115 368
115 369
115 375
115 376
115 381
115 384
115 431
115 444
115 459
116 253
116 273
116 282
116 302
116 318
116 322
116 330
116 332
116 339
116 367
116 369
116 371
116 377
116 378
116 388
116 394
116 412
116 427
116 428
116 429
116 434
116 454
116 455
116 462
116 465
116 471
116 478
116 498
116 499
117 258
117 278
117 282
117 293
117 295
117 318
117 323
117 324
117 326
117 332
117 333
117 372
117 382
117 398
117 399
117 406
117 412
117 419
117 431
117 435
117 446
117 455
117 479
117 483
117 484
117 489
118 259
118 269
118 286
118 308
118 313
118 324
118 328
118 342
118 347
118 354
118 364
118 369
118 371
118 376
118 391
118 404
118 429
118 433
118 434
118 438
118 445
118 446
118 455
118 475
118 493
119 252
119 257
119 262
119 264
119 266
119 267
119 271
119 272
119 276
119 281
119 290
119 293
119 337
119 356
119 365
119 370
119 382
119 398
119 408
119 415
119 419
119 469
119 470
119 477
119 486
119 493
120 255
120 261
120 268
120 273
120 281
120 288
120 305
120 306
120 307
120 323
120 325
120 357
120 380
120 407
120 414
120 434
120 441
120 450
120 452
120 453
120 459
120 467
120 486
120 490
121 252
121 254
121 260
121 263
121 269
121 277
121 284
121 289
121 293
121 301
121 304
121 319
121 321
121 324
121 331
121 340
121 347
121 356
121 360
121 361
121 365
121 383
121 401
121 408
121 431
121 439
121 440
121 453
121 477
121 480
122 252
122 258
122 262
122 266
122 280
122 283
122 284
122 286
122 291
122 312
122 323
122 331
122 359
122 372
122 373
122 377
122 379
122 383
122 384
122 395
122 405
122 408
122 416
122 418
122 425
122 431
122 432
122 437
122 438
122 457
122 462
122 464
122 473
122 494
123 262
123 264
123 267
123 268
123 283
123 292
123 295
123 298
123 303
123 376
123 399
123 406
123 414
123 421
123 456
123 474
123 478
123 484
123 488
124 263
124 273
124 277
124 301
124 329
124 337
124 342
124 356
124 363
124 379
124 412
124 422
124 427
124 428
124 431
124 432
124 445
124 457
124 459
124 469
124 470
124 491
124 495
125 265
125 287
125 311
125 315
125 339
125 342
125 349
125 357
125 359
125 393
125 402
125 433
125 441
125 449
125 467
125 472
125 487
126 254
126 261
126 263
126 269
126 286
126 290
126 301
126 331
126 340
126 344
126 355
126 360
126 366
126 370
126 387
126 392
126 394
126 399
126 439
126 447
126 452
126 454
126 455
126 456
126 460
126 472
126 477
126 478
126 479
126 498
127 270
127 277
127 279
127 288
127 320
127 329
127 336
127 345
127 350
127 355
127 357
127 361
127 363
127 368
127 393
127 402
127 418
127 441
127 444
127 448
127 464
127 465
127 470
127 475
127 497
128 281
128 300
128 308
128 320
128 330
128 340
128 347
128 360
128 404
128 414
128 419
128 439
128 444
128 446
128 452
128 458
128 460
128 473
128 474
128 477
128 490
128 493
129 266
129 277
129 278
129 280
129 285
129 314
129 337
129 358
129 382
129 385
129 392
129 395
129 409
129 430
129 432
129 444
129 456
129 468
129 476
129 499
130 265
130 272
130 281
130 291
130 305
130 318
130 339
130 343
130 359
130 364
130 366
130 373
130 379
130 388
130 396
130 432
130 437
130 445
130 452
130 463
130 470
130 474
130 486
131 255
131 258
131 274
131 337
131 343
131 353
131 389
131 395
131 405
131 424
131 429
131 439
131 440
131 441
131 457
131 460
131 482
131 484
131 499
132 251
132 255
132 262
132 265
132 269
132 272
132 278
132 279
132 280
132 288
132 290
132 292
132 293
132 297
132 310
132 334
132 336
132 357
132 364
132 365
132 367
132 373
132 383
132 389
132 391
132 400
132 427
132 429
132 430
132 438
132 442
132 454
132 468
132 490
133 252
133 256
133 307
133 310
133 321
133 327
133 328
133 329
133 345
133 354
133 361
133 362
133 371
133 378
133 393
133 400
133 405
133 406
133 409
133 412
133 413
133 420
133 425
133 432
133 433
133 436
133 459
133 461
133 478
133 480
133 484
133 496
134 265
134 268
134 269
134 271
134 281
134 303
134 305
134 317
134 329
134 361
134 381
134 390
134 391
134 396
134 399
134 422
134 439
134 442
134 451
134 456
134 472
134 476
135 258
135 263
135 271
135 273
135 276
135 280
135 282
135 284
135 300
135 309
135 325
135 341
135 349
135 359
135 375
135 380
135 381
135 399
135 406
135 426
135 429
135 460
135 461
135 465
135 467
135 472
135 477
136 253
136 259
136 261
136 278
136 281
136 284
136 302
136 325
136 332
136 339
136 340
136 345
136 347
136 350
136 360
136 361
136 362
136 378
136 382
136 395
136 399
136 417
136 423
136 427
136 430
136 449
136 450
136 455
136 458
136 464
136 478
136 483
136 485
136 486
136 487
136 493
137 260
137 273
137 287
137 293
137 311
137 312
137 313
137 332
137 339
137 340
137 342
137 352
137 353
137 357
137 395
137 397
137 407
137 409
137 430
137 449
137 451
137 455
137 456
137 460
137 465
137 474
137 476
137 481
137 483
137 489
137 492
138 254
138 271
138 277
138 278
138 279
138 285
138 291
138 298
138 304
138 305
138 308
138 315
138 331
138 332
138 337
138 357
138 367
138 380
138 382
138 419
138 426
138 432
138 490
138 492
138 493
138 498
139 255
139 257
139 264
139 271
139 272
139 274
139 280
139 287
139 300
139 303
139 315
139 318
139 323
139 332
139 352
139 355
139 366
139 373
139 380
139 381
139 382
139 383
139 386
139 391
139 401
139 404
139 423
139 427
139 463
139 465
139 477
139 493
139 496
140 258
140 276
140 291
140 298
140 303
140 317
140 323
140 336
140 348
140 377
140 384
140 400
140 440
140 453
140 457
140 459
140 464
140 477
140 491
140 495
141 260
141 262
141 270
141 273
141 276
141 286
141 298
141 300
141 306
141 308
141 328
141 355
141 372
141 377
141 389
141 391
141 397
141 418
141 424
141 481
141 486
141 497
142 257
142 260
142 267
142 280
142 288
142 289
142 311
142 312
142 316
142 320
142 331
142 333
142 335
142 344
142 356
142 371
142 388
142 391
142 404
142 426
142 427
142 432
142 458
142 469
142 471
142 476
142 479
142 493
143 261
143 264
143 268
143 275
143 276
143 285
143 287
143 320
143 321
143 324
143 338
143 342
143 350
143 380
143 388
143 406
143 410
143 413
143 430
143 435
143 446
143 459
143 465
144 263
144 268
144 276
144 280
144 324
144 326
144 331
144 369
144 384
144 421
144 435
144 436
144 449
144 453
144 465
144 485
144 491
145 252
145 258
145 262
145 276
145 295
145 302
145 303
145 312
145 314
145 318
145 322
145 323
145 328
145 369
145 371
145 372
145 385
145 401
145 417
145 444
145 452
145 463
145 476
145 481
145 485
146 261
146 273
146 279
146 287
146 294
146 312
146 336
146 340
146 341
146 342
146 362
146 396
146 400
146 404
146 418
146 442
146 443
146 450
146 454
146 462
146 472
147 251
147 261
147 266
147 284
147 286
147 289
147 292
147 298
147 307
147 321
147 353
147 359
147 374
147 391
147 392
147 400
147 420
147 421
147 430
147 455
148 257
148 263
148 278
148 286
148 288
148 299
148 339
148 346
148 377
148 379
148 384
148 398
148 414
148 429
148 437
148 446
148 465
148 471
149 254
149 273
149 299
149 310
149 312
149 315
149 320
149 328
149 356
149 361
149 384
149 385
149 411
149 416
149 418
149 430
149 468
149 469
149 486
149 488
149 492
149 493
150 256
150 262
150 275
150 311
150 312
150 327
150 337
150 373
150 375
150 395
150 401
150 404
150 430
150 431
150 482
150 485
150 494
151 254
151 309
151 319
151 326
151 340
151 341
151 342
151 350
151 363
151 416
151 431
151 452
151 460
151 470
151 494
151 496
152 250
152 255
152 259
152 269
152 291
152 297
152 301
152 318
152 320
152 341
152 361
152 388
152 404
152 405
152 409
152 427
152 442
152 452
152 457
152 460
152 467
152 477
152 479
152 488
152 491
152 492
152 496
153 283
153 284
153 306
153 313
153 317
153 329
153 330
153 346
153 365
153 367
153 369
153 385
153 392
153 397
153 400
153 404
153 405
153 409
153 446
153 452
153 461
153 473
153 474
153 479
153 484
153 485
153 492
154 250
154 257
154 260
154 265
154 269
154 292
154 336
154 341
154 348
154 352
154 370
154 371
154 377
154 386
154 392
154 397
154 404
154 413
154 421
154 427
154 462
154 477
154 486
154 488
154 493
155 252
155 262
155 273
155 293
155 299
155 301
155 304
155 307
155 312
155 331
155 353
155 355
155 357
155 374
155 378
155 392
155 396
155 403
155 408
155 429
155 432
155 437
155 439
155 441
155 459
155 474
155 476
155 488
156 258
156 266
156 273
156 292
156 296
156 302
156 304
156 308
156 313
156 317
156 320
156 321
156 331
156 336
156 339
156 340
156 345
156 347
156 364
156 367
156 370
156 376
156 392
156 395
156 396
156 398
156 404
156 432
156 444
156 454
156 490
156 492
156 495
156 497
157 265
157 275
157 287
157 289
157 304
157 308
157 310
157 314
157 317
157 320
157 334
157 352
157 389
157 399
157 425
157 435
157 436
157 481
157 482
157 486
157 488
157 494
158 260
158 263
158 264
158 267
158 279
158 288
158 291
158 294
158 303
158 310
158 313
158 324
158 325
158 333
158 337
158 339
158 354
158 374
158 413
158 438
158 457
158 490
158 495
159 281
159 283
159 295
159 316
159 320
159 324
159 332
159 335
159 337
159 348
159 350
159 351
159 367
159 380
159 385
159 412
159 433
159 434
159 446
159 449
159 450
159 458
159 478
159 481
159 487
159 490
160 278
160 281
160 282
160 293
160 294
160 306
160 310
160 340
160 341
160 346
160 355
160 362
160 365
160 378
160 381
160 382
160 387
160 405
160 416
160 417
160 418
160 422
160 443
160 446
160 449
160 451
160 457
160 461
160 473
160 477
160 480
160 485
160 489
160 492
160 497
160 499
161 251
161 254
161 260
161 261
161 294
161 299
161 301
161 310
161 319
161 329
161 331
161 333
161 345
161 348
161 349
161 350
161 373
161 388
161 401
161 421
161 424
161 428
161 432
161 461
161 466
161 476
161 477
161 492
162 260
162 262
162 271
162 279
162 283
162 284
162 285
162 307
162 310
162 324
162 333
162 345
162 356
162 379
162 385
162 393
162 407
162 416
162 437
162 469
162 471
163 267
163 276
163 280
163 300
163 329
163 342
163 349
163 351
163 361
163 367
163 372
163 396
163 414
163 428
163 430
163 471
163 475
163 488
164 271
164 280
164 293
164 297
164 301
164 323
164 325
164 328
164 335
164 345
164 370
164 371
164 388
164 390
164 414
164 430
164 435
164 437
164 442
164 455
164 476
165 255
165 301
165 317
165 324
165 353
165 357
165 361
165 363
165 379
165 382
165 408
165 416
165 417
165 433
165 434
165 439
165 441
165 458
165 493
166 265
166 292
166 310
166 318
166 333
166 334
166 338
166 340
166 341
166 359
166 366
166 367
166 369
166 373
166 376
166 387
166 390
166 409
166 418
166 421
166 445
166 454
166 462
166 467
166 472
166 480
166 484
166 490
167 252
167 257
167 260
167 272
167 292
167 293
167 298
167 318
167 341
167 355
167 362
167 381
167 391
167 406
167 425
167 432
167 434
167 437
167 452
167 453
167 456
167 481
167 482
167 484
167 490
167 497
168 251
168 274
168 277
168 289
168 295
168 306
168 316
168 323
168 326
168 331
168 332
168 338
168 349
168 350
168 354
168 357
168 373
168 379
168 388
168 389
168 392
168 393
168 408
168 426
168 443
168 454
168 455
168 457
168 461
168 468
168 478
168 483
168 492
169 261
169 264
169 274
169 281
169 286
169 288
169 300
169 318
169 320
169 325
169 340
169 342
169 343
169 357
169 363
169 386
169 393
169 402
169 403
169 430
169 432
169 437
169 449
169 469
170 257
170 265
170 266
170 270
170 278
170 285
170 300
170 311
170 318
170 320
170 326
170 328
170 330
170 331
170 363
170 380
170 385
170 390
170 391
170 400
170 409
170 419
170 421
170 422
170 437
170 441
170 447
170 450
170 465
170 469
170 472
170 480
170 488
170 494
170 496
171 272
171 275
171 311
171 326
171 340
171 343
171 345
171 366
171 372
171 378
171 380
171 384
171 394
171 397
171 404
171 437
171 451
171 458
171 465
171 471
171 477
171 497
172 256
172 265
172 282
172 284
172 287
172 294
172 326
172 337
172 338
172 346
172 354
172 357
172 389
172 427
172 441
172 442
172 451
172 474
172 478
172 486
172 493
173 256
173 289
173 303
173 311
173 325
173 329
173 342
173 350
173 381
173 393
173 398
173 400
173 411
173 415
173 420
173 421
173 424
173 462
174 252
174 278
174 293
174 294
174 302
174 303
174 307
174 318
174 332
174 346
174 348
174 353
174 380
174 382
174 395
174 396
174 434
174 438
174 451
174 453
174 479
174 481
174 492
174 495
175 256
175 283
175 286
175 309
175 314
175 317
175 334
175 352
175 358
175 380
175 383
175 384
175 392
175 406
175 421
175 429
175 432
175 440
175 441
175 458
175 462
176 263
176 268
176 287
176 298
176 321
176 330
176 355
176 368
176 374
176 399
176 410
176 411
176 417
176 428
176 433
176 459
176 476
176 478
176 482
176 483
177 259
177 265
177 270
177 278
177 286
177 295
177 299
177 319
177 336
177 361
177 362
177 363
177 377
177 378
177 383
177 390
177 393
177 397
177 404
177 417
177 419
177 432
177 439
177 454
177 456
177 464
177 465
177 468
177 472
177 474
178 254
178 260
178 313
178 318
178 322
178 351
178 352
178 362
178 368
178 374
178 382
178 395
178 398
178 430
178 431
178 448
178 464
178 467
178 493
179 260
179 266
179 268
179 286
179 301
179 306
179 310
179 316
179 323
179 329
179 332
179 336
179 345
179 354
179 361
179 366
179 367
179 377
179 385
179 386
179 394
179 397
179 405
179 408
179 443
179 459
179 486
179 494
179 499
180 273
180 278
180 292
180 296
180 300
180 302
180 319
180 321
180 329
180 337
180 338
180 342
180 360
180 389
180 394
180 398
180 405
180 413
180 425
180 448
180 467
180 486
180 494
181 259
181 271
181 282
181 288
181 297
181 299
181 302
181 322
181 324
181 344
181 352
181 355
181 378
181 395
181 407
181 415
181 419
181 428
181 431
181 447
181 448
181 450
181 456
181 466
181 471
181 492
182 269
182 279
182 287
182 295
182 302
182 308
182 321
182 325
182 332
182 351
182 353
182 359
182 361
182 371
182 404
182 408
182 415
182 432
182 473
182 485
182 493
183 263
183 277
183 287
183 289
183 295
183 308
183 317
183 320
183 322
183 346
183 349
183 354
183 359
183 384
183 386
183 415
183 457
183 462
183 464
183 494
184 271
184 289
184 294
184 319
184 321
184 325
184 329
184 334
184 350
184 353
184 354
184 356
184 364
184 393
184 422
184 441
184 451
184 453
184 461
184 463
184 498
185 256
185 258
185 265
185 271
185 278
185 282
185 299
185 301
185 302
185 343
185 349
185 363
185 373
185 385
185 389
185 395
185 416
185 417
185 420
185 449
185 463
185 469
185 473
185 487
186 251
186 276
186 291
186 297
186 300
186 312
186 333
186 344
186 357
186 362
186 377
186 385
186 389
186 398
186 419
186 427
186 428
186 441
186 448
186 460
186 469
186 489
186 492
187 252
187 258
187 259
187 267
187 278
187 279
187 298
187 336
187 340
187 359
187 363
187 372
187 394
187 403
187 406
187 413
187 415
187 419
187 422
187 428
187 431
187 433
187 447
187 450
187 481
187 482
188 266
188 271
188 309
188 313
188 317
188 319
188 342
188 357
188 391
188 408
188 427
188 432
188 450
188 470
189 250
189 294
189 313
189 316
189 323
189 332
189 340
189 357
189 380
189 390
189 394
189 407
189 408
189 412
189 434
189 449
189 469
189 479
189 494
190 272
190 275
190 282
190 283
190 294
190 315
190 322
190 364
190 365
190 369
190 371
190 378
190 401
190 402
190 441
190 445
191 254
191 267
191 303
191 308
191 316
191 318
191 322
191 328
191 337
191 358
191 369
191 387
191 393
191 412
191 414
191 422
191 438
191 442
191 455
191 474
191 483
191 484
191 492
191 497
192 257
192 258
192 266
192 270
192 273
192 276
192 280
192 294
192 297
192 303
192 314
192 319
192 324
192 333
192 338
192 339
192 343
192 345
192 354
192 363
192 370
192 376
192 380
192 393
192 405
192 432
192 440
192 441
192 442
192 447
192 453
192 464
192 469
192 484
193 281
193 290
193 292
193 303
193 317
193 330
193 400
193 404
193 407
193 413
193 420
193 422
193 424
193 428
193 442
193 456
193 481
194 290
194 292
194 296
194 300
194 338
194 343
194 363
194 378
194 394
194 408
194 415
194 427
194 430
194 437
194 438
194 441
194 443
194 450
194 451
194 452
194 479
194 482
195 252
195 254
195 255
195 259
195 276
195 278
195 284
195 288
195 293
195 300
195 313
195 334
195 356
195 367
195 378
195 400
195 402
195 417
195 422
195 431
195 443
195 456
195 459
195 462
195 464
195 465
195 476
195 493
196 252
196 258
196 259
196 273
196 279
196 300
196 308
196 316
196 323
196 328
196 330
196 331
196 335
196 340
196 342
196 354
196 364
196 365
196 366
196 376
196 378
196 395
196 396
196 416
196 444
196 447
196 450
196 451
196 463
196 474
196 476
196 484
196 486
196 487
196 488
197 253
197 257
197 261
197 262
197 271
197 294
197 325
197 331
197 332
197 335
197 344
197 350
197 356
197 363
197 366
197 376
197 395
197 397
197 404
197 410
197 418
197 442
197 443
197 457
197 471
197 478
197 484
197 487
197 488
198 256
198 260
198 270
198 287
198 295
198 296
198 329
198 361
198 366
198 376
198 383
198 401
198 405
198 414
198 419
198 426
198 460
198 476
198 478
199 254
199 265
199 270
199 310
199 323
199 326
199 347
199 348
199 370
199 385
199 387
199 414
199 430
199 438
199 443
199 444
199 453
199 455
199 466
199 470
199 472
199 485
199 486
200 260
200 268
200 289
200 293
200 306
200 314
200 337
200 346
200 350
200 360
200 377
200 384
200 392
200 396
200 406
200 412
200 415
200 420
200 428
200 434
200 439
200 444
200 449
200 462
200 463
200 471
200 482
200 487
200 492
200 496
201 283
201 293
201 303
201 315
201 316
201 323
201 337
201 359
201 371
201 378
201 383
201 384
201 389
201 431
201 432
201 433
201 438
201 447
201 458
201 497
202 258
202 269
202 276
202 277
202 283
202 284
202 304
202 307
202 319
202 330
202 336
202 338
202 339
202 351
202 367
202 393
202 394
202 419
202 420
202 426
202 430
202 435
202 441
202 447
202 450
202 464
202 477
202 479
202 498
203 252
203 262
203 270
203 290
203 314
203 326
203 352
203 367
203 379
203 389
203 393
203 419
203 423
203 433
203 440
203 446
203 455
203 457
203 461
203 464
203 467
203 468
203 471
203 475
203 479
203 483
203 486
203 491
204 263
204 264
204 283
204 290
204 291
204 305
204 307
204 316
204 317
204 327
204 354
204 370
204 373
204 384
204 398
204 417
204 432
204 433
204 440
204 445
204 450
204 454
204 473
204 474
204 475
204 476
204 482
204 488
205 270
205 271
205 277
205 285
205 298
205 301
205 316
205 324
205 335
205 349
205 358
205 378
205 383
205 385
205 392
205 402
205 403
205 420
205 423
205 438
205 440
205 441
205 442
205 447
205 453
205 454
205 455
205 461
205 464
205 465
205 466
205 469
205 472
205 474
205 483
205 487
206 258
206 266
206 267
206 268
206 283
206 285
206 310
206 318
206 322
206 329
206 343
206 345
206 359
206 363
206 385
206 392
206 393
206 397
206 404
206 421
206 422
206 424
206 430
206 465
206 479
206 486
207 250
207 258
207 260
207 262
207 273
207 280
207 293
207 300
207 307
207 316
207 329
207 339
207 350
207 361
207 369
207 376
207 378
207 384
207 388
207 432
207 439
207 442
207 446
207 448
207 462
207 469
207 470
207 473
207 484
208 255
208 267
208 268
208 275
208 289
208 304
208 323
208 345
208 347
208 357
208 396
208 403
208 425
208 426
208 456
208 475
208 476
208 479
208 483
208 495
209 251
209 254
209 265
209 273
209 290
209 291
209 327
209 335
209 355
209 356
209 360
209 364
209 365
209 366
209 371
209 374
209 380
209 392
209 400
209 414
209 421
209 431
209 434
209 441
209 464
209 469
210 263
210 273
210 284
210 304
210 308
210 313
210 315
210 337
210 378
210 384
210 389
210 405
210 420
210 437
210 441
210 442
210 446
210 458
210 459
210 470
210 473
210 480
210 496
211 250
211 257
211 266
211 268
211 301
211 306
211 344
211 368
211 377
211 390
211 394
211 408
211 410
211 426
211 435
211 447
211 484
211 497
212 250
212 255
212 279
212 291
212 309
212 310
212 317
212 319
212 325
212 345
212 348
212 351
212 355
212 364
212 385
212 394
212 429
212 435
212 439
212 446
212 451
212 452
212 458
212 466
212 469
212 490
212 493
213 260
213 273
213 290
213 298
213 302
213 312
213 318
213 326
213 328
213 329
213 354
213 356
213 359
213 364
213 366
213 382
213 403
213 409
213 418
213 421
213 438
213 447
213 457
213 465
213 475
213 476
213 479
214 252
214 253
214 270
214 274
214 277
214 278
214 302
214 321
214 338
214 339
214 347
214 350
214 377
214 392
214 400
214 417
214 432
214 450
214 462
214 478
214 480
214 490
215 269
215 284
215 296
215 305
215 321
215 351
215 353
215 374
215 388
215 390
215 391
215 429
215 439
215 447
215 451
215 455
215 457
215 460
215 468
215 473
215 479
215 492
216 265
216 296
216 322
216 326
216 331
216 332
216 337
216 338
216 339
216 345
216 351
216 371
216 375
216 402
216 405
216 413
216 414
216 420
216 425
216 429
216 449
216 452
216 464
216 478
217 250
217 265
217 269
217 270
217 289
217 295
217 308
217 312
217 314
217 340
217 353
217 357
217 360
217 378
217 385
217 399
217 411
217 415
217 418
217 419
217 433
217 454
217 461
217 466
217 471
217 495
218 250
218 255
218 257
218 274
218 280
218 284
218 287
218 291
218 292
218 302
218 330
218 340
218 342
218 352
218 356
218 377
218 396
218 399
218 401
218 402
218 403
218 413
218 414
218 415
218 419
218 423
218 435
218 447
218 448
218 450
218 452
218 468
218 473
218 480
218 495
219 259
219 278
219 283
219 285
219 302
219 303
219 318
219 337
219 345
219 350
219 359
219 379
219 389
219 392
219 394
219 403
219 415
219 417
219 419
219 420
219 422
219 425
219 440
219 446
219 455
219 468
219 469
219 474
219 489
219 496
219 499
220 317
220 325
220 339
220 353
220 391
220 405
220 410
220 412
220 420
220 421
220 440
220 442
220 443
220 448
220 466
220 487
221 254
221 265
221 266
221 268
221 305
221 307
221 308
221 311
221 333
221 334
221 338
221 344
221 356
221 361
221 364
221 376
221 382
221 401
221 405
221 412
221 413
221 419
221 421
221 448
221 454
221 466
222 258
222 263
222 264
222 272
222 282
222 292
222 295
222 303
222 321
222 337
222 349
222 368
222 379
222 388
222 390
222 401
222 405
222 420
222 430
222 441
222 442
222 452
222 464
222 483
222 489
222 490
223 250
223 252
223 268
223 286
223 290
223 295
223 299
223 306
223 309
223 312
223 317
223 322
223 336
223 350
223 359
223 368
223 389
223 400
223 404
223 438
223 442
223 451
223 464
223 471
223 486
223 488
223 491
224 254
224 256
224 276
224 286
224 295
224 307
224 326
224 329
224 331
224 345
224 364
224 378
224 380
224 391
224 397
224 410
224 418
224 430
224 431
224 477
224 494
225 251
225 260
225 276
225 281
225 285
225 286
225 292
225 297
225 309
225 312
225 313
225 316
225 335
225 360
225 376
225 411
225 424
225 434
225 462
225 464
225 467
225 495
225 498
226 283
226 295
226 300
226 309
226 341
226 368
226 370
226 377
226 380
226 381
226 386
226 390
226 420
226 431
226 433
226 453
226 460
226 468
227 263
227 269
227 274
227 277
227 304
227 327
227 328
227 329
227 333
227 341
227 348
227 352
227 358
227 382
227 391
227 393
227 397
227 437
227 448
227 452
227 466
227 467
227 471
228 268
228 274
228 278
228 282
228 287
228 317
228 338
228 345
228 391
228 425
228 433
228 457
228 463
228 465
228 484
228 491
228 497
228 498
229 253
229 259
229 288
229 302
229 328
229 333
229 335
229 339
229 342
229 351
229 365
229 373
229 374
229 390
229 397
229 409
229 413
229 414
229 426
229 435
229 437
229 439
229 440
229 491
229 493
230 252
230 262
230 282
230 287
230 324
230 358
230 362
230 379
230 386
230 396
230 405
230 416
230 421
230 438
230 443
230 463
230 476
231 260
231 264
231 268
231 273
231 280
231 287
231 292
231 293
231 302
231 303
231 310
231 313
231 363
231 397
231 410
231 418
231 438
231 440
231 441
231 442
231 463
231 464
231 468
231 470
231 473
231 475
231 477
231 486
232 266
232 269
232 270
232 305
232 311
232 316
232 317
232 328
232 333
232 341
232 369
232 374
232 379
232 384
232 406
232 412
232 413
232 432
232 457
232 458
232 465
232 469
232 471
233 251
233 267
233 278
233 286
233 315
233 319
233 328
233 347
233 357
233 373
233 375
233 379
233 380
233 416
233 428
233 429
233 437
233 445
233 447
233 487
233 488
234 251
234 272
234 283
234 284
234 290
234 298
234 302
234 304
234 327
234 328
234 332
234 360
234 371
234 372
234 390
234 395
234 414
234 425
234 427
234 437
234 442
234 447
234 449
234 474
234 479
235 252
235 255
235 262
235 265
235 267
235 269
235 287
235 290
235 293
235 296
235 297
235 305
235 315
235 318
235 322
235 323
235 332
235 337
235 347
235 355
235 364
235 401
235 411
235 417
235 436
235 448
235 450
235 466
235 494
235 497
236 250
236 268
236 278
236 281
236 286
236 299
236 314
236 317
236 321
236 340
236 350
236 356
236 368
236 370
236 376
236 382
236 383
236 395
236 410
236 413
236 415
236 417
236 449
236 454
236 458
236 474
236 483
237 279
237 285
237 286
237 297
237 307
237 315
237 333
237 334
237 352
237 353
237 365
237 372
237 383
237 428
237 435
237 444
237 463
237 497
238 251
238 258
238 262
238 266
238 274
238 280
238 284
238 287
238 304
238 319
238 321
238 326
238 331
238 353
238 380
238 396
238 408
238 426
238 430
238 454
238 467
238 470
238 472
238 474
238 477
238 484
239 250
239 259
239 260
239 282
239 297
239 302
239 319
239 322
239 324
239 332
239 334
239 335
239 337
239 348
239 349
239 354
239 356
239 361
239 381
239 393
239 396
239 398
239 399
239 408
239 418
239 422
239 434
239 435
239 446
239 449
239 456
239 462
239 474
239 485
239 494
239 495
239 497
240 251
240 264
240 274
240 281
240 284
240 295
240 296
240 304
240 307
240 308
240 309
240 312
240 314
240 315
240 331
240 334
240 344
240 358
240 364
240 368
240 376
240 386
240 391
240 401
240 427
240 435
240 441
240 468
240 473
240 480
240 483
240 493
241 267
241 275
241 277
241 298
241 301
241 303
241 307
241 331
241 338
241 342
241 347
241 354
241 355
241 385
241 389
241 431
241 432
241 465
241 466
242 280
242 286
242 312
242 320
242 361
242 367
242 377
242 389
242 391
242 392
242 398
242 412
242 413
242 456
242 458
242 486
243 250
243 252
243 261
243 280
243 301
243 332
243 336
243 346
243 355
243 357
243 359
243 360
243 363
243 366
243 393
243 395
243 397
243 399
243 407
243 413
243 421
243 439
243 453
243 454
243 459
244 256
244 263
244 280
244 304
244 307
244 309
244 314
244 318
244 324
244 332
244 333
244 335
244 354
244 362
244 374
244 391
244 395
244 409
244 417
244 445
244 448
244 449
244 456
244 457
244 462
244 465
244 485
244 488
245 258
245 274
245 277
245 292
245 299
245 306
245 315
245 316
245 366
245 382
245 386
245 392
245 394
245 397
245 398
245 410
245 420
245 427
245 434
245 435
245 436
245 444
245 445
245 462
245 464
245 467
245 470
245 482
245 483
245 493
246 251
246 260
246 261
246 263
246 264
246 266
246 271
246 274
246 313
246 314
246 318
246 323
246 335
246 340
246 342
246 345
246 370
246 372
246 389
246 416
246 426
246 434
246 474
246 475
246 479
246 483
246 485
246 491
246 499
247 250
247 254
247 257
247 260
247 266
247 280
247 298
247 302
247 303
247 316
247 325
247 366
247 376
247 388
247 413
247 432
247 433
247 442
247 460
247 467
247 474
247 476
247 478
247 489
248 252
248 254
248 255
248 257
248 261
248 275
248 280
248 283
248 284
248 293
248 298
248 314
248 328
248 335
248 341
248 355
248 369
248 371
248 374
248 382
248 387
248 400
248 406
248 425
248 428
248 431
248 451
248 455
248 477
248 483
248 491
249 253
249 255
249 268
249 282
249 292
249 297
249 312
249 329
249 334
249 339
249 340
249 342
249 352
249 354
249 355
249 363
249 364
249 365
249 399
249 408
249 427
249 429
249 435
249 446
249 449
249 455
249 485
249 487
0 250
0 259
0 266
0 318
0 338
0 350
0 375
0 388
0 398
0 422
0 439
0 446
0 467
0 470
0 480
0 484
0 493
1 251
1 256
1 262
1 283
1 288
1 290
1 293
1 296
1 298
1 300
1 308
1 316
1 319
1 323
1 334
1 362
1 363
1 365
1 369
1 388
1 401
1 405
1 410
1 444
1 449
1 463
1 464
1 474
1 477
1 487
1 496
2 250
2 251
2 252
2 254
2 256
2 261
2 263
2 284
2 287
2 293
2 294
2 306
2 307
2 313
2 321
2 330
2 338
2 360
2 362
2 368
2 375
2 403
2 404
2 406
2 410
2 419
2 420
2 422
2 443
2 444
2 462
2 479
2 496
3 255
3 267
3 272
3 281
3 287
3 297
3 301
3 331
3 332
3 347
3 364
3 385
3 397
3 398
3 420
3 426
3 429
3 450
3 452
3 464
3 468
3 480
3 483
3 492
3 493
3 495
3 498
4 253
4 257
4 258
4 259
4 260
4 300
4 307
4 329
4 348
4 353
4 355
4 365
4 383
4 386
4 404
4 411
4 412
4 414
4 417
4 419
4 434
4 446
4 447
4 450
4 452
4 476
4 480
4 483
5 251
5 255
5 264
5 265
5 268
5 275
5 291
5 305
5 315
5 325
5 329
5 338
5 342
5 346
5 354
5 355
5 360
5 424
5 427
5 429
5 433
5 441
5 445
5 452
5 455
5 466
5 483
5 495
6 253
6 269
6 280
6 281
6 283
6 292
6 306
6 315
6 322
6 337
6 338
6 345
6 355
6 381
6 394
6 403
6 405
6 408
6 417
6 424
6 458
6 466
6 477
6 481
7 251
7 268
7 287
7 294
7 296
7 299
7 301
7 303
7 315
7 317
7 342
7 363
7 378
7 426
7 433
7 438
7 455
7 473
7 482
7 487
7 488
8 251
8 256
8 263
8 271
8 297
8 304
8 309
8 312
8 314
8 319
8 328
8 339
8 353
8 359
8 366
8 396
8 405
8 426
8 429
8 441
8 451
8 455
8 464
8 471
8 478
8 492
8 495
8 500
9 256
9 284
9 299
9 305
9 307
9 352
9 377
9 387
9 401
9 456
9 461
9 471
9 485
9 487
9 499
10 251
10 269
10 272
10 283
10 291
10 297
10 300
10 310
10 312
10 323
10 336
10 355
10 356
10 367
10 371
10 388
10 407
10 410
10 417
10 421
10 442
10 447
10 457
10 459
10 464
10 487
10 489
10 493
10 500
11 260
11 268
11 287
11 294
11 296
11 298
11 299
11 307
11 314
11 321
11 322
11 334
11 349
11 357
11 378
11 399
11 403
11 405
11 432
11 450
11 452
11 457
11 473
11 475
11 484
11 487
11 492
11 493
11 495
11 499
12 261
12 263
12 264
12 267
12 273
12 281
12 289
12 292
12 305
12 320
12 334
12 335
12 389
12 391
12 394
12 405
12 410
12 412
12 418
12 446
12 449
12 451
12 480
12 490
13 261
13 263
13 283
13 285
13 291
13 295
13 311
13 356
13 363
13 364
13 371
13 378
13 390
13 417
13 419
13 426
13 442
13 458
13 470
13 478
13 485
14 269
14 273
14 276
14 282
14 284
14 286
14 288
14 298
14 310
14 314
14 317
14 325
14 326
14 329
14 358
14 359
14 375
14 401
14 411
14 428
14 430
14 449
14 455
14 473
14 490
15 269
15 280
15 288
15 307
15 308
15 311
15 314
15 351
15 356
15 376
15 378
15 389
15 398
15 402
15 405
15 439
15 449
15 455
15 459
15 469
15 471
15 472
16 255
16 257
16 263
16 280
16 294
16 324
16 326
16 329
16 339
16 353
16 356
16 374
16 400
16 404
16 406
16 411
16 440
16 470
16 480
16 485
17 258
17 259
17 266
17 267
17 272
17 289
17 314
17 315
17 317
17 334
17 336
17 343
17 346
17 359
17 364
17 382
17 387
17 413
17 419
17 420
17 434
17 458
17 470
17 475
17 487
17 489
17 494
18 250
18 258
18 260
18 264
18 268
18 279
18 283
18 294
18 295
18 306
18 308
18 321
18 322
18 324
18 349
18 352
18 355
18 369
18 374
18 384
18 390
18 399
18 404
18 411
18 424
18 454
18 457
18 476
18 480
18 490
18 491
19 251
19 266
19 275
19 279
19 282
19 293
19 305
19 327
19 330
19 340
19 359
19 367
19 426
19 438
19 443
19 461
19 474
19 476
19 488
19 489
19 493
19 495
20 262
20 263
20 268
20 269
20 290
20 295
20 296
20 303
20 311
20 319
20 320
20 332
20 344
20 347
20 350
20 351
20 355
20 395
20 400
20 416
20 417
20 433
20 440
20 446
20 447
20 461
20 480
20 486
21 308
21 310
21 315
21 334
21 338
21 343
21 346
21 384
21 389
21 420
21 424
21 442
21 461
21 462
21 484
22 260
22 274
22 276
22 279
22 283
22 297
22 300
22 320
22 333
22 392
22 409
22 413
22 438
22 446
22 447
22 462
22 495
22 497
23 261
23 269
23 270
23 278
23 287
23 288
23 300
23 305
23 308
23 323
23 324
23 329
23 342
23 356
23 371
23 372
23 376
23 380
23 382
23 384
23 387
23 396
23 433
23 449
23 464
23 466
23 494
24 250
24 257
24 262
24 268
24 273
24 289
24 298
24 308
24 310
24 322
24 332
24 337
24 353
24 368
24 379
24 391
24 416
24 422
24 473
24 479
24 480
24 494
25 253
25 257
25 271
25 290
25 291
25 302
25 311
25 312
25 329
25 357
25 364
25 398
25 400
25 412
25 416
25 424
25 425
25 430
25 447
25 448
25 459
25 480
26 265
26 281
26 292
26 298
26 308
26 312
26 333
26 334
26 344
26 360
26 376
26 386
26 400
26 421
26 437
26 477
26 487
26 492
26 494
27 256
27 275
27 281
27 290
27 296
27 302
27 323
27 327
27 366
27 387
27 401
27 403
27 405
27 428
27 443
27 448
27 464
27 478
27 480
27 488
27 493
28 285
28 297
28 298
28 334
28 342
28 344
28 363
28 372
28 373
28 375
28 382
28 383
28 387
28 394
28 420
28 425
28 434
28 438
28 439
28 452
28 461
28 463
28 477
28 478
28 496
29 252
29 284
29 286
29 292
29 297
29 309
29 320
29 332
29 336
29 337
29 353
29 360
29 362
29 363
29 369
29 371
29 389
29 399
29 401
29 402
29 408
29 411
29 429
29 443
29 463
29 471
29 474
29 485
29 489
30 254
30 256
30 258
30 260
30 266
30 269
30 278
30 294
30 299
30 305
30 319
30 325
30 342
30 361
30 381
30 386
30 390
30 422
30 437
30 447
30 458
30 473
30 476
30 484
31 254
31 257
31 260
31 276
31 284
31 295
31 298
31 307
31 328
31 330
31 338
31 358
31 364
31 366
31 375
31 376
31 385
31 394
31 431
31 434
31 460
31 474
31 482
31 491
32 251
32 261
32 275
32 279
32 288
32 290
32 316
32 325
32 327
32 359
32 360
32 368
32 376
32 378
32 397
32 409
32 410
32 412
32 413
32 420
32 426
32 449
32 456
32 463
32 472
32 474
32 480
32 481
33 250
33 275
33 286
33 287
33 294
33 306
33 313
33 334
33 336
33 337
33 342
33 347
33 358
33 375
33 378
33 379
33 381
33 394
33 397
33 399
33 405
33 420
33 421
33 450
33 461
33 463
33 476
34 251
34 260
34 271
34 321
34 349
34 352
34 357
34 362
34 375
34 422
34 425
34 436
34 437
34 438
34 439
34 447
34 454
34 461
34 462
34 463
34 476
34 483
34 484
34 496
34 499
35 253
35 259
35 271
35 281
35 289
35 301
35 310
35 313
35 319
35 324
35 341
35 344
35 355
35 412
35 424
35 427
35 429
35 431
35 451
35 474
35 476
35 481
35 488
36 264
36 266
36 271
36 273
36 283
36 308
36 319
36 327
36 334
36 340
36 354
36 367
36 375
36 378
36 381
36 392
36 407
36 413
36 419
36 429
36 430
36 443
36 447
36 450
36 474
36 475
36 478
36 479
36 486
36 495
37 260
37 265
37 294
37 309
37 314
37 318
37 320
37 326
37 339
37 369
37 391
37 398
37 406
37 411
37 421
37 439
37 442
37 444
37 448
37 449
37 456
37 473
37 485
37 496
38 252
38 271
38 276
38 278
38 313
38 317
38 320
38 324
38 342
38 353
38 379
38 380
38 385
38 388
38 402
38 403
38 416
38 419
38 421
38 429
38 436
38 440
38 465
38 466
38 468
38 471
38 472
38 486
39 258
39 262
39 278
39 279
39 280
39 290
39 292
39 295
39 313
39 322
39 330
39 339
39 340
39 369
39 381
39 390
39 398
39 402
39 411
39 426
39 432
39 438
39 444
39 451
39 460
39 463
39 467
39 479
39 482
39 487
39 498
40 277
40 293
40 294
40 300
40 325
40 340
40 346
40 350
40 353
40 356
40 361
40 366
40 394
40 397
40 408
40 409
40 435
40 443
40 444
40 445
40 447
40 470
40 481
40 496
40 499
41 254
41 259
41 260
41 264
41 266
41 276
41 278
41 279
41 298
41 311
41 313
41 314
41 315
41 322
41 334
41 347
41 353
41 358
41 360
41 364
41 400
41 402
41 403
41 412
41 423
41 426
41 457
41 462
41 472
41 483
42 261
42 271
42 283
42 284
42 290
42 307
42 320
42 324
42 326
42 332
42 334
42 344
42 373
42 383
42 396
42 436
42 438
42 447
42 471
42 487
43 257
43 258
43 281
43 283
43 324
43 335
43 342
43 343
43 349
43 354
43 379
43 380
43 387
43 409
43 412
43 417
43 428
43 440
43 443
43 462
43 467
44 270
44 276
44 277
44 283
44 299
44 323
44 328
44 329
44 330
44 339
44 354
44 357
44 360
44 362
44 365
44 374
44 380
44 381
44 385
44 388
44 401
44 407
44 410
44 411
44 413
44 416
44 435
44 440
44 454
44 472
44 493
44 497
45 252
45 253
45 263
45 265
45 295
45 296
45 299
45 310
45 312
45 313
45 337
45 343
45 358
45 369
45 379
45 393
45 394
45 407
45 410
45 411
45 426
45 431
45 432
45 437
45 439
45 442
45 445
45 454
45 461
45 469
45 480
45 484
45 496
46 254
46 259
46 286
46 290
46 319
46 328
46 336
46 346
46 371
46 392
46 395
46 437
46 444
46 449
46 451
46 460
46 466
46 468
46 482
46 486
46 488
46 494
47 270
47 271
47 274
47 285
47 286
47 307
47 311
47 321
47 324
47 340
47 345
47 354
47 368
47 370
47 371
47 375
47 378
47 386
47 390
47 392
47 410
47 442
47 449
47 472
47 479
47 497
47 499
48 258
48 260
48 283
48 316
48 317
48 327
48 332
48 359
48 371
48 376
48 386
48 389
48 423
48 425
48 426
48 436
48 456
48 463
48 478
48 479
48 481
48 489
49 253
49 262
49 263
49 272
49 310
49 314
49 357
49 366
49 377
49 396
49 416
49 441
49 453
49 473
49 475
49 477
49 496
50 251
50 258
50 267
50 271
50 292
50 294
50 296
50 305
50 308
50 315
50 323
50 329
50 333
50 343
50 344
50 346
50 348
50 350
50 354
50 365
50 369
50 375
50 393
50 451
50 485
51 252
51 265
51 270
51 280
51 283
51 284
51 286
51 312
51 313
51 315
51 334
51 369
51 390
51 405
51 410
51 412
51 433
51 439
51 446
51 454
51 455
51 464
51 466
51 488
51 498
52 252
52 293
52 300
52 308
52 315
52 373
52 378
52 385
52 386
52 391
52 398
52 402
52 425
52 427
52 430
52 441
52 443
52 447
52 464
52 482
52 491
53 279
53 280
53 281
53 288
53 303
53 306
53 389
53 390
53 396
53 431
53 433
53 435
53 442
53 452
53 454
53 469
53 490
53 492
54 252
54 264
54 265
54 286
54 287
54 289
54 330
54 344
54 370
54 376
54 377
54 382
54 383
54 386
54 387
54 393
54 394
54 410
54 416
54 418
54 434
54 452
54 460
54 478
54 485
54 495
54 497
55 291
55 292
55 293
55 299
55 300
55 313
55 334
55 349
55 379
55 381
55 393
55 411
55 467
55 500
56 260
56 275
56 308
56 313
56 315
56 317
56 327
56 333
56 352
56 366
56 383
56 385
56 400
56 401
56 421
56 423
56 439
56 440
56 464
56 478
56 487
56 496
56 497
57 252
57 260
57 271
57 280
57 283
57 300
57 304
57 315
57 327
57 339
57 345
57 366
57 375
57 381
57 393
57 398
57 401
57 405
57 416
57 429
57 431
57 432
57 447
57 454
57 457
57 469
58 253
58 255
58 257
58 277
58 284
58 287
58 291
58 298
58 301
58 303
58 304
58 317
58 342
58 357
58 365
58 383
58 389
58 391
58 397
58 403
58 433
58 441
58 452
58 458
58 479
58 483
58 492
59 250
59 275
59 279
59 290
59 302
59 312
59 319
59 321
59 339
59 350
59 358
59 360
59 362
59 402
59 407
59 418
59 427
59 428
59 447
59 474
59 484
59 495
59 499
60 258
60 263
60 267
60 281
60 285
60 293
60 298
60 301
60 348
60 352
60 370
60 382
60 409
60 425
60 453
60 456
60 464
60 469
60 476
60 487
60 489
60 498
61 254
61 255
61 259
61 261
61 264
61 267
61 270
61 276
61 287
61 290
61 296
61 304
61 308
61 321
61 331
61 337
61 354
61 359
61 361
61 362
61 364
61 374
61 397
61 402
61 403
61 410
61 421
61 430
61 464
61 473
61 483
61 489
61 492
61 494
61 495
61 496
62 266
62 284
62 302
62 310
62 312
62 318
62 330
62 345
62 363
62 364
62 372
62 406
62 408
62 417
62 442
62 463
62 468
62 473
62 476
62 483
62 488
62 490
63 251
63 267
63 269
63 281
63 286
63 314
63 315
63 317
63 320
63 327
63 355
63 365
63 380
63 385
63 387
63 397
63 403
63 405
63 421
63 425
63 432
63 442
63 460
63 466
63 475
63 488
63 495
63 499
64 261
64 274
64 276
64 279
64 285
64 287
64 292
64 299
64 303
64 314
64 328
64 368
64 369
64 376
64 384
64 388
64 410
64 412
64 415
64 475
64 476
64 478
65 267
65 276
65 309
65 313
65 334
65 338
65 376
65 380
65 381
65 393
65 405
65 409
65 412
65 414
65 423
65 437
65 440
65 457
65 472
65 473
65 479
65 490
65 494
66 255
66 262
66 279
66 280
66 285
66 286
66 304
66 308
66 311
66 314
66 317
66 323
66 324
66 328
66 353
66 366
66 367
66 377
66 379
66 387
66 388
66 399
66 406
66 415
66 421
66 422
66 445
66 453
66 456
66 461
66 469
66 470
66 479
66 488
66 500
67 261
67 263
67 269
67 273
67 274
67 277
67 291
67 294
67 326
67 343
67 348
67 359
67 369
67 375
67 395
67 397
67 400
67 402
67 410
67 455
67 457
67 458
67 470
67 472
67 478
67 480
67 494
67 495
68 282
68 285
68 299
68 314
68 319
68 320
68 327
68 331
68 349
68 351
68 354
68 359
68 360
68 362
68 363
68 371
68 375
68 385
68 397
68 403
68 404
68 406
68 419
68 429
68 434
68 451
68 463
68 479
68 482
68 491
68 493
68 497
69 252
69 255
69 264
69 265
69 270
69 271
69 283
69 286
69 293
69 297
69 298
69 301
69 310
69 321
69 324
69 360
69 372
69 379
69 382
69 397
69 398
69 430
69 435
69 437
69 474
69 475
69 482
70 255
70 257
70 265
70 277
70 296
70 304
70 314
70 318
70 339
70 344
70 357
70 379
70 381
70 390
70 397
70 417
70 433
70 435
70 447
70 468
70 487
71 250
71 278
71 281
71 293
71 302
71 320
71 321
71 325
71 353
71 359
71 363
71 371
71 378
71 379
71 386
71 398
71 400
71 430
71 450
71 461
71 466
71 473
71 476
71 482
71 491
71 498
72 268
72 274
72 277
72 301
72 303
72 310
72 335
72 343
72 344
72 356
72 369
72 376
72 385
72 395
72 441
72 443
72 461
72 467
73 322
73 323
73 325
73 335
73 338
73 342
73 368
73 377
73 388
73 390
73 397
73 431
73 439
73 462
73 463
73 474
73 483
74 264
74 274
74 283
74 286
74 298
74 302
74 307
74 308
74 312
74 321
74 323
74 332
74 346
74 357
74 380
74 382
74 387
74 399
74 403
74 404
74 416
74 424
74 432
74 435
74 442
74 448
74 473
74 481
74 489
74 490
74 495
75 259
75 266
75 271
75 292
75 303
75 343
75 371
75 399
75 406
75 411
75 417
75 439
75 442
75 443
75 448
75 452
75 486
75 491
75 500
76 256
76 277
76 290
76 297
76 347
76 351
76 352
76 399
76 434
76 435
76 446
76 455
76 457
76 468
76 472
76 474
76 477
76 480
76 489
76 497
77 255
77 267
77 279
77 296
77 300
77 313
77 315
77 330
77 339
77 356
77 371
77 397
77 402
77 407
77 413
77 416
77 426
77 431
77 432
77 437
77 438
77 465
77 480
77 482
78 252
78 253
78 254
78 266
78 271
78 295
78 308
78 325
78 350
78 352
78 359
78 364
78 407
78 412
78 464
78 467
78 491
78 495
78 498
79 252
79 260
79 276
79 280
79 282
79 283
79 305
79 322
79 334
79 339
79 363
79 386
79 388
79 397
79 399
79 402
79 407
79 417
79 421
79 456
79 472
79 473
79 480
79 488
79 493
80 261
80 269
80 274
80 302
80 307
80 319
80 335
80 336
80 338
80 370
80 397
80 399
80 400
80 402
80 422
80 433
80 439
80 446
80 450
80 463
80 467
80 470
80 471
80 475
80 492
81 275
81 282
81 288
81 289
81 298
81 317
81 320
81 332
81 352
81 374
81 376
81 378
81 380
81 392
81 411
81 424
81 433
81 447
81 464
81 480
81 482
81 496
82 286
82 291
82 300
82 313
82 336
82 355
82 360
82 362
82 363
82 369
82 378
82 390
82 395
82 401
82 406
82 412
82 420
82 421
82 430
82 434
82 435
82 437
82 441
82 460
82 462
82 464
82 483
83 277
83 281
83 285
83 288
83 289
83 290
83 294
83 302
83 309
83 315
83 325
83 349
83 370
83 382
83 390
83 393
83 406
83 416
83 427
83 432
83 450
83 460
83 476
83 478
83 480
83 486
83 499
84 250
84 257
84 271
84 273
84 282
84 308
84 314
84 327
84 342
84 363
84 365
84 378
84 385
84 393
84 407
84 419
84 421
84 424
84 445
84 451
84 456
84 485
84 496
84 500
85 257
85 264
85 269
85 274
85 276
85 285
85 287
85 294
85 314
85 319
85 321
85 327
85 348
85 360
85 366
85 367
85 371
85 403
85 466
85 481
85 485
85 495
86 257
86 266
86 277
86 283
86 293
86 329
86 349
86 374
86 397
86 407
86 410
86 433
86 435
86 452
86 461
86 464
86 467
86 475
86 477
86 480
86 484
86 496
87 265
87 276
87 280
87 297
87 298
87 308
87 312
87 321
87 364
87 374
87 407
87 413
87 417
87 440
87 447
87 461
87 462
87 487
87 491
87 498
88 254
88 263
88 279
88 281
88 284
88 316
88 325
88 341
88 350
88 359
88 369
88 372
88 383
88 389
88 390
88 404
88 414
88 431
88 439
88 444
88 445
88 449
88 457
88 458
88 467
88 468
88 470
88 473
88 476
88 495
88 500
89 257
89 273
89 286
89 312
89 321
89 328
89 336
89 349
89 352
89 373
89 379
89 383
89 390
89 391
89 401
89 404
89 419
89 436
89 449
89 460
89 478
89 492
90 255
90 256
90 260
90 274
90 281
90 294
90 297
90 311
90 317
90 330
90 331
90 343
90 351
90 357
90 359
90 363
90 366
90 373
90 375
90 377
90 398
90 408
90 414
90 417
90 419
90 437
90 455
90 465
90 468
90 470
91 254
91 272
91 274
91 286
91 290
91 291
91 298
91 299
91 303
91 315
91 347
91 351
91 356
91 363
91 379
91 382
91 384
91 387
91 404
91 425
91 447
91 448
91 453
91 457
91 458
91 459
91 466
91 485
91 491
91 499
92 255
92 261
92 266
92 277
92 293
92 294
92 297
92 301
92 311
92 329
92 345
92 360
92 370
92 383
92 387
92 430
92 435
92 446
92 447
92 456
92 458
92 459
92 461
92 471
92 480
92 494
92 496
92 497
93 255
93 265
93 274
93 277
93 279
93 282
93 290
93 301
93 306
93 311
93 322
93 358
93 367
93 392
93 396
93 400
93 422
93 423
93 434
93 436
93 444
93 445
93 446
93 472
93 483
93 487
93 490
93 496
94 259
94 263
94 276
94 281
94 306
94 311
94 313
94 321
94 329
94 366
94 377
94 402
94 408
94 430
94 434
94 436
94 439
94 448
94 452
94 456
94 462
94 465
94 471
94 473
94 481
94 487
94 494
94 496
95 288
95 297
95 305
95 321
95 323
95 325
95 326
95 328
95 339
95 341
95 343
95 349
95 351
95 362
95 369
95 382
95 391
95 392
95 414
95 419
95 425
95 436
95 449
95 457
95 469
95 470
95 474
95 479
96 284
96 285
96 297
96 307
96 316
96 333
96 345
96 351
96 356
96 359
96 364
96 370
96 383
96 393
96 406
96 408
96 424
96 468
96 482
96 487
96 488
96 489
96 496
96 499
97 252
97 260
97 265
97 268
97 269
97 272
97 310
97 316
97 318
97 343
97 356
97 360
97 370
97 410
97 428
97 448
97 454
97 462
97 465
97 466
97 467
97 477
97 493
97 496
98 250
98 252
98 253
98 269
98 274
98 290
98 313
98 319
98 348
98 376
98 379
98 385
98 386
98 393
98 407
98 418
98 419
98 429
98 450
98 452
98 463
98 468
99 254
99 263
99 271
99 272
99 276
99 280
99 282
99 285
99 287
99 295
99 296
99 301
99 303
99 319
99 324
99 332
99 333
99 347
99 350
99 354
99 384
99 393
99 395
99 413
99 417
99 423
99 426
99 439
99 440
99 461
99 463
99 483
99 484
99 485
99 496
100 252
100 265
100 268
100 269
100 279
100 286
100 309
100 323
100 347
100 371
100 374
100 379
100 383
100 392
100 399
100 413
100 417
100 421
100 423
100 432
100 436
100 467
100 473
100 474
101 250
101 253
101 285
101 303
101 307
101 317
101 358
101 367
101 376
101 378
101 393
101 419
101 428
101 432
101 464
101 471
101 473
101 480
101 499
102 265
102 266
102 267
102 276
102 281
102 296
102 303
102 328
102 336
102 351
102 359
102 366
102 371
102 381
102 387
102 408
102 414
102 417
102 421
102 422
102 424
102 432
102 437
102 439
102 451
102 459
102 474
102 479
102 482
102 497
103 263
103 264
103 279
103 290
103 302
103 315
103 319
103 323
103 329
103 332
103 338
103 353
103 363
103 372
103 381
103 387
103 397
103 398
103 405
103 426
103 428
103 439
103 441
103 446
103 461
103 465
103 471
103 487
103 491
103 497
103 498
104 261
104 272
104 279
104 290
104 295
104 307
104 310
104 320
104 326
104 334
104 347
104 353
104 360
104 371
104 373
104 375
104 378
104 394
104 395
104 401
104 416
104 420
104 446
104 452
104 456
104 466
104 470
104 480
104 483
105 252
105 261
105 263
105 277
105 288
105 291
105 303
105 306
105 325
105 328
105 342
105 353
105 381
105 393
105 404
105 430
105 453
105 469
105 480
105 488
106 250
106 279
106 288
106 294
106 296
106 297
106 310
106 322
106 352
106 359
106 366
106 373
106 403
106 411
106 413
106 425
106 447
106 467
106 480
106 484
107 270
107 279
107 283
107 284
107 291
107 293
107 305
107 309
107 317
107 334
107 344
107 347
107 354
107 368
107 397
107 398
107 403
107 438
107 440
107 465
107 477
107 478
107 482
107 492
107 499
108 258
108 284
108 296
108 306
108 310
108 317
108 322
108 346
108 377
108 388
108 400
108 420
108 421
108 425
108 443
108 466
108 493
108 494
108 497
108 498
108 500
109 277
109 286
109 289
109 316
109 354
109 356
109 390
109 428
109 435
109 449
109 453
109 458
109 467
109 474
109 478
109 493
110 254
110 268
110 290
110 292
110 309
110 350
110 355
110 361
110 370
110 383
110 386
110 390
110 395
110 396
110 403
110 406
110 408
110 428
110 429
110 434
110 436
110 437
110 447
110 455
110 462
110 465
110 467
110 468
110 479
110 484
110 489
110 500
111 256
111 278
111 283
111 284
111 285
111 287
111 288
111 292
111 312
111 315
111 326
111 335
111 340
111 343
111 350
111 361
111 381
111 390
111 391
111 400
111 442
111 448
111 451
111 452
111 474
111 480
111 483
111 485
111 487
111 488
111 493
111 498
111 500
112 251
112 254
112 264
112 266
112 276
112 283
112 304
112 307
112 326
112 337
112 352
112 369
112 370
112 388
112 393
112 394
112 412
112 419
112 425
112 432
112 445
112 449
112 462
112 466
112 467
112 470
113 252
113 256
113 258
113 277
113 293
113 298
113 299
113 314
113 335
113 354
113 370
113 398
113 401
113 405
113 416
113 421
113 425
113 426
113 435
113 454
113 470
113 472
113 474
113 480
113 482
113 489
113 494
113 499
114 266
114 267
114 269
114 283
114 284
114 293
114 303
114 304
114 323
114 324
114 336
114 338
114 346
114 347
114 383
114 385
114 393
114 398
114 403
114 412
114 428
114 446
114 448
114 452
114 475
114 481
114 495
115 300
115 303
115 369
115 377
115 382
115 390
115 394
115 395
115 403
115 407
115 418
115 421
115 432
115 439
115 444
115 458
115 473
115 497
115 500
116 256
116 284
116 286
116 291
116 299
116 312
116 332
116 343
116 344
116 345
116 350
116 369
116 377
116 384
116 396
116 404
116 436
116 446
116 454
116 465
116 470
116 472
116 483
116 484
116 486
116 493
116 499
117 256
117 281
117 285
117 291
117 303
117 307
117 313
117 314
117 316
117 321
117 328
117 336
117 343
117 346
117 359
117 371
117 399
117 414
117 419
117 427
117 437
117 453
117 473
117 478
117 480
117 490
118 252
118 263
118 266
118 294
118 297
118 310
118 312
118 339
118 350
118 351
118 363
118 382
118 389
118 391
118 419
118 428
118 433
118 435
118 444
118 460
118 469
118 481
118 489
118 497
119 255
119 259
119 266
119 269
119 282
119 305
119 306
119 316
119 318
119 321
119 329
119 338
119 344
119 347
119 356
119 366
119 369
119 383
119 396
119 416
119 422
119 435
119 450
119 452
119 453
119 461
119 465
119 467
119 468
119 476
119 497
120 275
120 280
120 282
120 291
120 292
120 302
120 304
120 322
120 337
120 356
120 372
120 374
120 393
120 397
120 402
120 403
120 407
120 418
120 446
120 448
120 460
120 466
120 467
120 485
120 487
120 491
121 252
121 267
121 280
121 281
121 282
121 283
121 285
121 308
121 309
121 311
121 312
121 326
121 328
121 332
121 343
121 352
121 358
121 373
121 379
121 390
121 402
121 408
121 410
121 418
121 421
121 432
121 459
121 460
121 463
122 265
122 272
122 281
122 286
122 293
122 310
122 322
122 323
122 326
122 328
122 333
122 339
122 343
122 360
122 362
122 387
122 399
122 406
122 415
122 423
122 443
122 446
122 447
123 252
123 256
123 257
123 275
123 288
123 289
123 299
123 303
123 314
123 322
123 323
123 331
123 334
123 340
123 360
123 368
123 371
123 372
123 376
123 377
123 383
123 393
123 397
123 398
123 446
123 461
124 251
124 261
124 269
124 273
124 288
124 313
124 315
124 317
124 327
124 341
124 344
124 353
124 366
124 386
124 388
124 416
124 429
124 430
124 455
124 465
124 480
124 489
125 251
125 258
125 270
125 291
125 293
125 303
125 335
125 345
125 363
125 384
125 385
125 395
125 396
125 409
125 413
125 419
125 426
125 433
125 436
125 470
126 251
126 262
126 281
126 311
126 319
126 322
126 329
126 331
126 338
126 342
126 343
126 360
126 363
126 375
126 377
126 382
126 390
126 404
126 425
126 427
126 441
126 463
126 464
126 465
126 470
127 252
127 268
127 273
127 275
127 292
127 294
127 322
127 349
127 359
127 363
127 365
127 368
127 373
127 374
127 378
127 392
127 406
127 409
127 420
127 422
127 423
127 439
127 440
127 441
127 446
127 470
127 475
127 495
127 498
128 250
128 269
128 284
128 293
128 308
128 313
128 330
128 335
128 336
128 339
128 356
128 374
128 380
128 391
128 393
128 427
128 468
128 472
128 473
129 254
129 262
129 264
129 275
129 304
129 316
129 329
129 334
129 349
129 370
129 386
129 389
129 390
129 408
129 409
129 415
129 419
129 421
129 434
129 436
129 442
129 444
129 456
129 466
129 469
129 491
130 279
130 281
130 321
130 323
130 334
130 365
130 388
130 393
130 396
130 446
130 467
130 476
130 487
130 492
131 251
131 262
131 268
131 275
131 276
131 286
131 299
131 309
131 332
131 339
131 343
131 352
131 356
131 369
131 376
131 407
131 415
131 436
131 454
131 457
131 464
131 465
131 469
131 476
131 481
131 489
132 256
132 257
132 268
132 275
132 289
132 302
132 307
132 311
132 314
132 326
132 349
132 357
132 365
132 367
132 369
132 393
132 396
132 400
132 409
132 417
132 433
132 451
132 460
132 461
132 466
132 469
132 470
132 492
132 500
133 252
133 288
133 295
133 298
133 302
133 313
133 324
133 335
133 353
133 360
133 361
133 366
133 390
133 396
133 412
133 417
133 431
133 452
133 460
133 471
133 473
133 497
134 255
134 256
134 262
134 277
134 280
134 289
134 291
134 313
134 318
134 319
134 331
134 338
134 355
134 360
134 368
134 369
134 375
134 379
134 389
134 405
134 412
134 413
134 437
134 441
134 442
134 444
134 446
134 458
134 462
134 471
134 483
135 250
135 251
135 289
135 314
135 319
135 332
135 338
135 350
135 351
135 352
135 366
135 370
135 386
135 387
135 396
135 405
135 419
135 423
135 429
135 437
135 458
135 480
135 492
135 496
136 294
136 321
136 323
136 327
136 340
136 342
136 343
136 344
136 351
136 354
136 355
136 358
136 369
136 377
136 398
136 407
136 417
136 421
136 438
136 448
136 457
136 462
136 463
136 466
136 468
136 474
136 475
136 485
136 488
137 265
137 266
137 272
137 289
137 290
137 293
137 296
137 301
137 302
137 308
137 315
137 327
137 348
137 364
137 374
137 377
137 386
137 427
137 449
137 453
137 468
137 469
137 492
137 495
138 251
138 262
138 273
138 274
138 279
138 301
138 315
138 342
138 351
138 356
138 357
138 371
138 374
138 410
138 417
138 430
138 437
138 452
138 457
138 478
138 490
138 499
139 255
139 261
139 272
139 283
139 285
139 294
139 295
139 302
139 306
139 312
139 316
139 317
139 318
139 327
139 328
139 341
139 344
139 347
139 356
139 359
139 368
139 371
139 374
139 384
139 387
139 391
139 393
139 394
139 400
139 412
139 415
139 422
139 425
139 426
139 433
139 434
139 463
139 465
139 479
139 480
139 483
139 487
139 492
140 255
140 274
140 276
140 288
140 291
140 294
140 304
140 331
140 339
140 340
140 345
140 347
140 354
140 360
140 368
140 375
140 378
140 400
140 401
140 422
140 423
140 427
140 428
140 431
140 437
140 449
140 457
140 472
140 477
140 480
140 489
140 497
141 254
141 256
141 279
141 290
141 293
141 305
141 316
141 318
141 320
141 347
141 350
141 352
141 360
141 369
141 380
141 383
141 388
141 392
141 399
141 410
141 418
141 426
141 431
141 440
141 450
141 468
141 473
141 477
141 482
141 483
141 484
141 487
141 493
142 251
142 252
142 262
142 272
142 286
142 287
142 290
142 293
142 305
142 306
142 307
142 312
142 321
142 324
142 344
142 350
142 359
142 366
142 379
142 416
142 418
142 423
142 432
142 445
142 467
142 469
142 497
142 500
143 252
143 272
143 284
143 291
143 301
143 308
143 314
143 319
143 322
143 328
143 343
143 358
143 362
143 372
143 373
143 377
143 378
143 405
143 420
143 423
143 424
143 443
143 455
143 467
143 472
143 493
143 494
143 497
144 255
144 265
144 280
144 290
144 298
144 310
144 339
144 372
144 373
144 415
144 443
144 449
144 464
144 471
144 472
144 474
144 493
144 496
145 253
145 317
145 323
145 324
145 333
145 351
145 352
145 354
145 355
145 356
145 357
145 361
145 364
145 395
145 411
145 424
145 427
145 428
145 434
145 438
145 445
145 460
145 480
145 482
145 490
145 495
145 496
146 254
146 263
146 272
146 275
146 281
146 296
146 308
146 319
146 334
146 351
146 367
146 377
146 378
146 383
146 402
146 413
146 418
146 419
146 426
146 428
146 429
146 446
146 449
146 466
146 473
146 478
146 493
147 254
147 269
147 274
147 301
147 307
147 322
147 325
147 335
147 338
147 346
147 358
147 376
147 377
147 382
147 390
147 395
147 396
147 416
147 428
147 444
147 447
147 457
147 469
147 488
148 253
148 273
148 283
148 296
148 306
148 334
148 337
148 344
148 380
148 383
148 399
148 404
148 409
148 419
148 422
148 426
148 431
148 433
148 445
148 466
148 482
148 488
149 264
149 270
149 294
149 307
149 322
149 325
149 333
149 336
149 350
149 353
149 408
149 411
149 415
149 420
149 432
149 448
149 450
149 451
149 452
149 457
149 458
149 467
150 256
150 281
150 306
150 318
150 327
150 331
150 340
150 341
150 346
150 353
150 355
150 358
150 361
150 375
150 392
150 411
150 415
150 419
150 424
150 426
150 441
150 485
150 486
151 251
151 252
151 261
151 262
151 268
151 275
151 298
151 305
151 315
151 324
151 326
151 329
151 339
151 348
151 354
151 387
151 393
151 407
151 411
151 418
151 422
151 434
151 436
151 445
151 455
151 462
151 464
151 467
152 257
152 259
152 267
152 271
152 301
152 307
152 308
152 316
152 335
152 346
152 357
152 370
152 381
152 383
152 394
152 408
152 413
152 421
152 423
152 462
152 473
152 494
153 260
153 282
153 300
153 309
153 321
153 322
153 327
153 349
153 352
153 356
153 364
153 374
153 387
153 390
153 399
153 401
153 405
153 407
153 410
153 442
153 447
153 454
153 461
153 469
153 473
153 479
154 250
154 261
154 271
154 290
154 295
154 297
154 298
154 304
154 318
154 321
154 332
154 350
154 362
154 365
154 367
154 376
154 381
154 384
154 402
154 433
154 441
154 448
154 468
154 471
154 473
154 481
154 483
154 484
155 277
155 278
155 321
155 326
155 349
155 386
155 392
155 399
155 401
155 405
155 407
155 417
155 428
155 436
155 441
155 443
155 447
155 449
155 451
155 452
155 466
155 468
155 482
156 252
156 253
156 254
156 266
156 279
156 299
156 312
156 321
156 334
156 351
156 362
156 363
156 365
156 372
156 377
156 381
156 386
156 390
156 411
156 419
156 423
156 428
156 429
156 456
156 458
156 459
156 464
156 482
156 483
156 492
156 493
157 270
157 273
157 281
157 291
157 302
157 315
157 329
157 349
157 357
157 368
157 374
157 376
157 390
157 394
157 395
157 407
157 428
157 442
157 447
157 458
158 253
158 281
158 284
158 285
158 318
158 322
158 326
158 327
158 332
158 347
158 358
158 379
158 398
158 406
158 424
158 428
158 430
158 434
158 436
158 437
158 457
158 458
158 461
158 462
158 472
158 481
158 485
158 488
158 497
158 499
159 250
159 265
159 269
159 303
159 305
159 312
159 326
159 354
159 357
159 364
159 369
159 371
159 377
159 392
159 395
159 410
159 428
159 429
159 434
159 440
159 452
159 498
160 254
160 257
160 258
160 259
160 266
160 271
160 277
160 285
160 288
160 289
160 291
160 337
160 341
160 347
160 348
160 373
160 380
160 402
160 431
160 436
160 437
160 449
160 457
160 478
160 483
160 494
160 500
161 252
161 264
161 266
161 268
161 272
161 275
161 321
161 323
161 326
161 332
161 349
161 352
161 384
161 388
161 389
161 390
161 398
161 414
161 416
161 424
161 455
161 463
161 465
161 481
161 494
161 495
162 266
162 287
162 288
162 297
162 298
162 306
162 322
162 325
162 328
162 338
162 348
162 353
162 356
162 368
162 376
162 379
162 389
162 395
162 396
162 397
162 401
162 431
162 433
162 434
162 446
162 450
162 454
162 461
162 475
162 479
162 492
162 498
163 283
163 302
163 305
163 313
163 321
163 331
163 338
163 348
163 358
163 376
163 378
163 382
163 390
163 398
163 399
163 412
163 417
163 425
163 428
163 453
163 456
163 479
163 497
164 270
164 274
164 298
164 300
164 307
164 315
164 320
164 337
164 338
164 349
164 351
164 356
164 365
164 368
164 376
164 397
164 402
164 442
164 448
164 456
164 483
164 500
165 251
165 267
165 292
165 299
165 310
165 320
165 323
165 340
165 360
165 361
165 365
165 366
165 386
165 388
165 391
165 395
165 401
165 415
165 423
165 427
165 431
165 441
165 446
165 457
165 464
165 474
165 477
165 494
166 250
166 267
166 268
166 273
166 290
166 305
166 330
166 346
166 347
166 371
166 383
166 407
166 416
166 450
166 456
166 461
167 274
167 283
167 290
167 301
167 310
167 322
167 324
167 326
167 328
167 336
167 338
167 341
167 346
167 354
167 365
167 373
167 385
167 395
167 401
167 412
167 414
167 433
167 444
167 451
167 465
167 473
167 480
167 484
167 488
168 255
168 260
168 262
168 271
168 298
168 300
168 301
168 311
168 319
168 343
168 349
168 369
168 370
168 387
168 405
168 409
168 414
168 422
168 430
168 437
168 440
168 447
168 457
168 458
168 459
168 460
168 461
168 469
168 473
168 481
168 497
169 266
169 267
169 282
169 290
169 297
169 304
169 319
169 320
169 346
169 348
169 353
169 380
169 388
169 401
169 403
169 415
169 418
169 431
169 434
169 439
169 477
169 479
169 485
169 498
170 261
170 304
170 308
170 313
170 321
170 327
170 342
170 345
170 353
170 354
170 356
170 367
170 381
170 409
170 413
170 419
170 420
170 423
170 424
170 425
170 453
170 458
170 459
170 473
170 479
170 483
171 260
171 265
171 277
171 283
171 288
171 291
171 309
171 310
171 314
171 326
171 330
171 331
171 358
171 361
171 362
171 367
171 369
171 370
171 373
171 382
171 383
171 384
171 406
171 414
171 416
171 434
171 437
171 450
171 458
171 462
171 465
171 488
172 250
172 265
172 268
172 273
172 280
172 293
172 296
172 297
172 298
172 304
172 311
172 315
172 333
172 343
172 346
172 347
172 351
172 357
172 359
172 367
172 387
172 390
172 413
172 435
172 464
172 487
173 252
173 257
173 295
173 297
173 318
173 324
173 340
173 364
173 388
173 397
173 401
173 406
173 415
173 416
173 451
173 461
173 463
173 476
173 486
173 488
173 497
174 252
174 265
174 268
174 289
174 322
174 327
174 332
174 339
174 348
174 380
174 396
174 405
174 416
174 419
174 423
174 430
174 434
174 435
174 439
174 449
174 453
174 462
174 465
174 475
174 479
175 264
175 270
175 274
175 282
175 287
175 292
175 295
175 297
175 343
175 348
175 372
175 384
175 401
175 405
175 419
175 421
175 431
175 457
175 465
175 500
176 250
176 266
176 282
176 287
176 292
176 293
176 310
176 311
176 327
176 328
176 333
176 350
176 354
176 372
176 379
176 384
176 388
176 450
176 460
176 464
176 470
176 472
176 483
176 488
176 491
177 250
177 257
177 274
177 275
177 281
177 294
177 316
177 317
177 323
177 325
177 333
177 339
177 341
177 350
177 353
177 356
177 386
177 395
177 405
177 418
177 442
177 444
177 466
177 474
177 476
177 488
177 493
178 263
178 268
178 275
178 284
178 290
178 294
178 302
178 323
178 345
178 359
178 368
178 378
178 396
178 397
178 398
178 400
178 409
178 418
178 429
178 431
178 436
178 453
178 456
178 457
178 467
178 476
178 491
178 496
179 253
179 255
179 256
179 264
179 275
179 280
179 319
179 331
179 359
179 370
179 372
179 383
179 406
179 418
179 427
179 446
179 449
179 471
179 487
179 493
180 254
180 262
180 264
180 266
180 267
180 284
180 298
180 300
180 308
180 310
180 312
180 363
180 364
180 365
180 387
180 390
180 407
180 453
180 483
180 494
181 251
181 252
181 267
181 274
181 277
181 294
181 310
181 315
181 319
181 320
181 331
181 344
181 363
181 382
181 386
181 397
181 405
181 410
181 411
181 427
181 435
181 441
181 476
181 479
181 493
181 495
182 257
182 259
182 299
182 321
182 327
182 337
182 344
182 359
182 386
182 388
182 403
182 405
182 413
182 426
182 439
182 460
182 461
182 485
182 492
183 254
183 264
183 266
183 269
183 272
183 277
183 294
183 295
183 305
183 308
183 316
183 319
183 328
183 341
183 355
183 369
183 396
183 402
183 418
183 425
183 436
183 466
183 484
184 251
184 298
184 320
184 327
184 335
184 358
184 359
184 366
184 367
184 376
184 381
184 383
184 385
184 386
184 389
184 396
184 405
184 407
184 411
184 414
184 415
184 418
184 421
184 445
184 453
184 454
184 458
184 462
184 466
184 467
184 475
184 479
185 254
185 260
185 266
185 273
185 298
185 328
185 331
185 347
185 357
185 370
185 371
185 396
185 410
185 414
185 421
185 447
185 453
186 256
186 264
186 265
186 269
186 279
186 301
186 325
186 349
186 353
186 359
186 364
186 377
186 380
186 387
186 392
186 394
186 400
186 406
186 412
186 413
186 418
186 444
186 457
186 484
186 495
187 255
187 263
187 267
187 290
187 291
187 296
187 303
187 307
187 313
187 325
187 350
187 351
187 356
187 358
187 365
187 376
187 380
187 381
187 384
187 385
187 387
187 394
187 399
187 408
187 416
187 421
187 426
187 427
187 428
187 451
188 254
188 264
188 268
188 287
188 299
188 322
188 329
188 337
188 344
188 355
188 356
188 369
188 391
188 428
188 434
188 461
188 465
188 468
188 470
188 479
188 482
188 491
188 498
189 250
189 286
189 287
189 299
189 312
189 313
189 321
189 325
189 326
189 335
189 340
189 343
189 356
189 361
189 362
189 383
189 388
189 391
189 398
189 403
189 413
189 445
189 446
189 454
189 455
189 467
189 478
189 480
189 482
190 267
190 279
190 284
190 305
190 308
190 312
190 315
190 325
190 366
190 368
190 376
190 386
190 390
190 394
190 396
190 397
190 401
190 402
190 403
190 411
190 415
190 419
190 433
190 437
190 472
190 493
191 250
191 251
191 255
191 264
191 265
191 283
191 284
191 288
191 293
191 320
191 321
191 324
191 337
191 339
191 356
191 358
191 360
191 370
191 398
191 401
191 406
191 433
191 434
191 437
191 455
191 463
191 481
192 273
192 282
192 291
192 297
192 319
192 321
192 322
192 323
192 334
192 359
192 360
192 366
192 385
192 389
192 394
192 397
192 410
192 411
192 417
192 429
192 439
192 442
192 482
192 493
193 260
193 297
193 301
193 309
193 313
193 318
193 337
193 340
193 350
193 355
193 368
193 371
193 399
193 406
193 413
193 415
193 418
193 444
193 455
193 462
193 471
193 473
194 250
194 252
194 253
194 262
194 275
194 285
194 297
194 298
194 316
194 321
194 331
194 333
194 338
194 348
194 353
194 383
194 393
194 412
194 417
194 432
194 433
194 450
194 454
194 456
194 462
194 489
194 491
195 254
195 262
195 270
195 288
195 291
195 300
195 309
195 310
195 325
195 349
195 378
195 382
195 407
195 418
195 434
195 439
195 445
195 459
195 460
195 478
195 489
195 491
195 493
195 498
196 251
196 253
196 255
196 257
196 270
196 280
196 289
196 295
196 307
196 316
196 317
196 320
196 341
196 351
196 353
196 364
196 375
196 377
196 380
196 384
196 385
196 389
196 399
196 484
196 485
197 257
197 266
197 276
197 283
197 300
197 301
197 322
197 324
197 352
197 355
197 356
197 361
197 371
197 372
197 380
197 382
197 383
197 388
197 389
197 390
197 392
197 395
197 397
197 403
197 407
197 413
197 419
197 427
197 465
197 473
197 474
198 263
198 270
198 279
198 313
198 326
198 333
198 357
198 376
198 385
198 386
198 388
198 394
198 401
198 402
198 420
198 424
198 429
198 432
198 435
198 438
198 454
198 475
199 272
199 278
199 287
199 288
199 312
199 322
199 328
199 332
199 341
199 348
199 351
199 365
199 396
199 413
199 422
199 431
199 443
199 451
199 454
199 476
199 484
199 497
200 263
200 264
200 268
200 279
200 280
200 287
200 293
200 327
200 344
200 349
200 361
200 362
200 373
200 386
200 388
200 422
200 439
200 461
200 463
200 468
200 484
200 485
200 493
200 497
201 256
201 257
201 266
201 275
201 286
201 307
201 316
201 329
201 335
201 338
201 362
201 366
201 368
201 369
201 373
201 379
201 388
201 392
201 395
201 402
201 426
201 463
201 469
201 481
201 493
202 280
202 281
202 296
202 301
202 305
202 315
202 319
202 330
202 347
202 349
202 357
202 362
202 368
202 373
202 386
202 391
202 434
202 451
202 462
202 472
202 476
202 477
202 496
203 254
203 257
203 266
203 274
203 288
203 289
203 292
203 307
203 318
203 335
203 341
203 368
203 372
203 394
203 410
203 425
203 438
203 440
203 441
203 460
203 462
203 466
203 469
203 472
203 487
203 496
204 253
204 256
204 261
204 263
204 269
204 270
204 280
204 285
204 294
204 311
204 332
204 341
204 343
204 353
204 357
204 359
204 365
204 366
204 379
204 381
204 384
204 391
204 408
204 411
204 413
204 435
204 442
204 454
204 460
204 471
204 472
204 485
204 489
205 266
205 269
205 270
205 279
205 288
205 293
205 303
205 305
205 317
205 323
205 328
205 332
205 338
205 369
205 388
205 403
205 413
205 447
205 459
205 461
205 463
206 266
206 271
206 284
206 288
206 295
206 310
206 322
206 339
206 350
206 353
206 355
206 371
206 383
206 386
206 421
206 423
206 429
206 431
206 433
206 438
206 448
206 458
206 468
206 481
206 489
206 494
207 252
207 253
207 254
207 260
207 276
207 278
207 279
207 281
207 321
207 323
207 332
207 365
207 390
207 400
207 402
207 409
207 418
207 452
207 464
207 470
207 498
208 250
208 253
208 263
208 280
208 289
208 291
208 308
208 313
208 314
208 321
208 329
208 346
208 350
208 385
208 389
208 430
208 454
208 483
208 495
208 496
208 497
209 251
209 261
209 262
209 263
209 268
209 272
209 275
209 279
209 282
209 292
209 302
209 307
209 310
209 325
209 328
209 346
209 348
209 351
209 352
209 362
209 374
209 376
209 377
209 385
209 410
209 415
209 418
209 419
209 444
209 459
209 465
209 467
209 483
209 496
210 271
210 275
210 284
210 291
210 304
210 317
210 319
210 322
210 329
210 334
210 369
210 371
210 373
210 384
210 414
210 416
210 420
210 426
210 428
210 453
210 465
210 488
211 251
211 273
211 278
211 298
211 308
211 324
211 332
211 333
211 348
211 372
211 385
211 410
211 416
211 422
211 429
211 430
211 448
211 453
211 459
211 464
211 474
212 264
212 306
212 311
212 320
212 325
212 329
212 330
212 350
212 374
212 386
212 404
212 408
212 429
212 433
212 434
212 444
212 450
212 471
212 472
212 476
212 488
212 489
212 496
213 251
213 262
213 275
213 307
213 315
213 323
213 352
213 358
213 362
213 368
213 372
213 376
213 405
213 409
213 416
213 417
213 423
213 470
213 479
214 292
214 297
214 303
214 306
214 307
214 312
214 322
214 326
214 332
214 333
214 341
214 345
214 347
214 355
214 369
214 371
214 381
214 415
214 427
214 435
214 451
214 465
214 485
214 488
215 250
215 261
215 263
215 276
215 285
215 297
215 298
215 313
215 316
215 317
215 322
215 329
215 336
215 340
215 348
215 349
215 361
215 380
215 397
215 398
215 436
215 452
215 457
215 461
215 475
215 481
215 482
215 497
216 254
216 263
216 268
216 269
216 278
216 282
216 285
216 295
216 296
216 301
216 305
216 343
216 354
216 372
216 375
216 383
216 437
216 438
216 439
216 440
216 459
216 461
216 474
216 480
217 260
217 265
217 272
217 279
217 289
217 305
217 316
217 330
217 335
217 342
217 351
217 362
217 376
217 382
217 396
217 398
217 400
217 403
217 405
217 426
217 429
217 431
217 434
217 442
217 444
217 469
217 474
217 476
218 253
218 269
218 275
218 288
218 290
218 301
218 309
218 328
218 330
218 333
218 342
218 354
218 356
218 364
218 373
218 375
218 403
218 406
218 441
218 449
218 451
218 461
218 496
219 275
219 293
219 301
219 308
219 313
219 327
219 353
219 390
219 392
219 414
219 432
219 435
219 442
219 444
219 454
219 455
219 459
219 467
219 476
219 493
220 250
220 267
220 277
220 282
220 289
220 322
220 330
220 351
220 359
220 364
220 372
220 386
220 387
220 393
220 398
220 405
220 406
220 430
220 434
220 437
220 452
220 467
220 474
220 487
220 490
220 499
220 500
221 250
221 291
221 301
221 311
221 344
221 350
221 352
221 358
221 421
221 425
221 429
221 440
221 441
221 443
221 450
221 467
221 492
222 264
222 265
222 280
222 310
222 312
222 314
222 322
222 335
222 345
222 353
222 355
222 361
222 368
222 371
222 387
222 389
222 394
222 419
222 431
222 442
222 461
222 467
222 476
222 485
222 487
222 495
222 499
223 258
223 272
223 283
223 284
223 285
223 290
223 300
223 305
223 317
223 324
223 325
223 333
223 336
223 352
223 355
223 358
223 359
223 405
223 409
223 422
223 426
223 430
223 435
223 439
223 447
223 448
223 453
223 479
223 494
223 496
224 255
224 267
224 291
224 302
224 311
224 316
224 320
224 325
224 337
224 371
224 373
224 378
224 389
224 390
224 395
224 396
224 402
224 419
224 426
224 435
224 441
224 442
224 446
224 448
224 455
224 467
224 496
225 256
225 257
225 268
225 295
225 302
225 331
225 332
225 343
225 347
225 349
225 350
225 366
225 374
225 376
225 412
225 422
225 430
225 449
225 478
226 256
226 262
226 268
226 289
226 311
226 317
226 319
226 320
226 322
226 344
226 347
226 350
226 358
226 363
226 372
226 392
226 408
226 421
226 430
226 441
226 447
226 454
226 463
226 464
226 469
226 474
226 484
227 261
227 262
227 268
227 289
227 304
227 323
227 328
227 347
227 353
227 364
227 365
227 371
227 372
227 385
227 399
227 401
227 402
227 423
227 435
227 452
227 453
227 458
227 459
227 466
227 470
227 479
227 487
227 498
228 250
228 260
228 261
228 268
228 271
228 293
228 295
228 326
228 340
228 356
228 361
228 366
228 383
228 385
228 407
228 422
228 426
228 432
228 448
228 481
229 252
229 259
229 274
229 283
229 285
229 294
229 299
229 331
229 335
229 336
229 351
229 356
229 357
229 368
229 382
229 390
229 411
229 426
229 430
229 434
229 435
229 448
229 449
229 450
229 455
229 459
229 471
229 475
230 271
230 274
230 283
230 286
230 299
230 302
230 305
230 307
230 315
230 324
230 335
230 347
230 359
230 376
230 387
230 406
230 423
230 428
230 433
230 458
230 481
231 256
231 258
231 261
231 265
231 268
231 292
231 294
231 308
231 312
231 319
231 326
231 338
231 356
231 362
231 373
231 375
231 377
231 384
231 387
231 391
231 396
231 398
231 410
231 419
231 438
231 439
231 457
231 461
231 462
231 487
232 262
232 299
232 317
232 323
232 337
232 342
232 346
232 362
232 366
232 373
232 380
232 389
232 414
232 416
232 422
232 423
232 433
232 443
232 458
232 473
232 482
233 252
233 257
233 260
233 272
233 277
233 281
233 290
233 301
233 313
233 315
233 326
233 335
233 351
233 359
233 368
233 381
233 394
233 395
233 411
233 416
233 425
233 435
233 437
233 441
233 455
233 471
233 477
233 484
233 493
233 499
234 250
234 256
234 262
234 265
234 279
234 286
234 298
234 302
234 303
234 312
234 321
234 330
234 331
234 333
234 334
234 337
234 349
234 351
234 352
234 353
234 381
234 402
234 408
234 421
234 422
234 427
234 441
234 455
234 484
234 489
234 490
234 497
235 266
235 269
235 272
235 274
235 277
235 278
235 289
235 291
235 302
235 304
235 305
235 325
235 326
235 330
235 337
235 343
235 353
235 362
235 373
235 387
235 391
235 405
235 448
235 452
235 459
235 465
235 478
235 485
235 486
236 259
236 267
236 285
236 298
236 308
236 325
236 330
236 332
236 336
236 341
236 349
236 351
236 364
236 375
236 377
236 380
236 386
236 387
236 390
236 401
236 402
236 410
236 413
236 419
236 425
236 429
236 432
236 436
236 438
236 440
236 441
236 458
236 476
236 484
236 485
237 260
237 278
237 305
237 334
237 351
237 363
237 372
237 378
237 379
237 380
237 385
237 426
237 437
237 453
237 460
237 464
237 480
237 481
237 484
237 487
237 496
238 251
238 263
238 264
238 273
238 277
238 297
238 308
238 310
238 316
238 325
238 347
238 352
238 356
238 375
238 376
238 388
238 399
238 401
238 409
238 428
238 435
238 443
238 452
238 454
238 471
238 481
238 484
238 485
238 489
238 496
239 255
239 266
239 278
239 280
239 282
239 289
239 302
239 321
239 323
239 346
239 353
239 358
239 366
239 368
239 378
239 384
239 393
239 405
239 419
239 430
239 457
239 463
239 464
239 473
239 484
239 485
240 254
240 270
240 276
240 278
240 279
240 281
240 305
240 320
240 323
240 330
240 337
240 340
240 349
240 358
240 360
240 361
240 363
240 378
240 382
240 385
240 390
240 408
240 425
240 431
240 449
240 451
240 454
240 457
240 463
240 479
240 482
240 496
240 497
241 258
241 260
241 267
241 285
241 291
241 298
241 299
241 307
241 315
241 359
241 374
241 379
241 380
241 396
241 432
241 442
241 444
241 452
241 463
241 466
241 479
241 480
241 499
242 265
242 272
242 286
242 293
242 296
242 299
242 310
242 315
242 316
242 343
242 344
242 346
242 347
242 359
242 367
242 373
242 402
242 403
242 412
242 421
242 427
242 431
242 434
242 435
242 452
242 457
242 467
242 477
242 480
242 483
242 497
243 272
243 286
243 291
243 309
243 328
243 333
243 338
243 373
243 401
243 402
243 404
243 406
243 430
243 431
243 433
243 441
243 474
243 475
243 478
243 491
244 254
244 262
244 266
244 267
244 294
244 307
244 337
244 345
244 346
244 356
244 361
244 367
244 378
244 380
244 395
244 400
244 405
244 442
244 444
244 493
244 494
244 500
245 260
245 272
245 280
245 290
245 291
245 299
245 301
245 307
245 314
245 321
245 330
245 334
245 347
245 367
245 368
245 372
245 379
245 384
245 404
245 411
245 424
245 440
245 455
245 463
245 469
245 471
245 480
245 482
245 483
245 486
246 252
246 258
246 277
246 296
246 304
246 328
246 343
246 350
246 356
246 359
246 368
246 392
246 396
246 399
246 402
246 403
246 407
246 416
246 417
246 429
246 437
246 442
246 447
246 449
246 453
246 455
246 460
246 463
246 472
246 475
246 478
246 493
247 271
247 281
247 289
247 297
247 313
247 315
247 318
247 325
247 328
247 334
247 338
247 347
247 360
247 369
247 371
247 377
247 386
247 391
247 396
247 409
247 436
247 439
247 451
247 457
247 465
248 254
248 267
248 274
248 298
248 323
248 324
248 326
248 329
248 339
248 340
248 415
248 427
248 433
248 444
248 470
248 471
248 476
248 480
248 486
248 494
248 496
249 258
249 271
249 285
249 290
249 292
249 298
249 303
249 307
249 312
249 313
249 316
249 318
249 320
249 321
249 323
249 324
249 341
249 344
249 350
249 358
249 361
249 370
249 411
249 412
249 429
249 449
249 454
249 458
249 481
249 487
249 490
249 493
