0 2 0
0.005 17.5 1.5
0.01 82 6
0.015 104.5 5.5
0.02 118.5 13.5
0.025 133 3
0.03 113 18
0.035 143 5
0.04 144 9
0.045 144 4
0.05 154 6
0.055 156 7
0.06 156 0
0.065 156 3
0.07 157.5 3.5
0.075 158 7
0.08 156 2
0.085 158.5 4.5
0.09 158.5 1.5
0.095 159 3
0.1 160 1
0.105 160.5 3.5
0.11 154.5 0.5
0.115 165 0
0.12 162 1
0.125 164 1
0.13 164 2
0.135 168.5 0.5
0.14 165 1
0.145 162 2
0.15 166 3
0.155 168 2
0.16 162 0
0.165 161.5 0.5
0.17 166 1
0.175 166 0
0.18 165 2
0.185 162 1
0.19 162.5 0.5
0.195 159.5 2.5
0.2 165.5 1.5
0.205 167 1
0.21 166 6
0.215 160 0
0.22 160 0
0.225 160 0
0.23 160 0
0.235 160 0
0.24 160 0
0.245 160 0
0.25 160 0
0.255 160 0
0.26 160 0
0.265 160 0
0.27 160 0
0.275 160 0
0.28 160 0
0.285 160 0
0.29 160 0
0.295 160 0
0.3 160 0
0.305 160 0
0.31 160 0
0.315 160 0
0.32 160 0
0.325 160 0
0.33 160 0
0.335 160 0
0.34 160 0
0.345 160 0
0.35 160 0
0.355 160 0
0.36 160 0
0.365 160 0
0.37 160 0
0.375 160 0
0.38 160 0
0.385 160 0
0.39 160 0
0.395 160 0
0.4 160 0
0.405 164.5 1.5
0.41 172 2
0.415 170 0
0.42 170 0
0.425 170 0
0.43 170 0
0.435 170 0
0.44 170 0
0.445 170 0
0.45 170 0
0.455 170 0
0.46 170 0
0.465 170 0
0.47 170 0
0.475 170 0
0.48 170 0
0.485 170 0
0.49 170 0
0.495 170 0
0.5 170 0
0.505 170 0
0.51 170 0
0.515 170 0
0.52 170 0
0.525 170 0
0.53 170 0
0.535 170 0
0.54 170 0
0.545 170 0
0.55 170 0
0.555 170 0
0.56 170 0
0.565 170 0
0.57 170 0
0.575 170 0
0.58 170 0
0.585 170 0
0.59 170 0
0.595 170 0
0.6 170 0
0.605 166 1
0.61 169.5 4.5
0.615 174 0
0.62 174 0
0.625 174 0
0.63 174 0
0.635 174 0
0.64 174 0
0.645 174 0
0.65 174 0
0.655 174 0
0.66 174 0
0.665 174 0
0.67 174 0
0.675 174 0
0.68 174 0
0.685 174 0
0.69 174 0
0.695 174 0
0.7 174 0
0.705 174 0
0.71 174 0
0.714999 174 0
0.719999 174 0
0.724999 174 0
0.729999 174 0
0.734999 174 0
0.739999 174 0
0.744999 174 0
0.749999 174 0
0.754999 174 0
0.759999 174 0
0.764999 174 0
0.769999 174 0
0.774999 174 0
0.779999 174 0
0.784999 174 0
0.789999 174 0
0.794999 174 0
0.799999 174 0
0.804999 164.5 1.5
0.809999 165.5 0.5
0.814999 165 0
0.819999 165 0
0.824999 165 0
0.829999 165 0
0.834999 165 0
0.839999 165 0
0.844999 165 0
0.849999 165 0
0.854999 165 0
0.859999 165 0
0.864999 165 0
0.869999 165 0
0.874999 165 0
0.879999 165 0
0.884999 165 0
0.889999 165 0
0.894999 165 0
0.899999 165 0
0.904999 165 0
0.909999 165 0
0.914999 165 0
0.919999 165 0
0.924999 165 0
0.929999 165 0
0.934999 165 0
0.939999 165 0
0.944999 165 0
0.949999 165 0
0.954999 165 0
0.959999 165 0
0.964999 165 0
0.969999 165 0
0.974999 165 0
0.979999 165 0
0.984999 165 0
0.989999 165 0
0.994999 165 0
