0 76 0
0.005 104 13.5892
0.01 214.667 11.0855
0.015 216 7.11805
0.02 228 3.55903
0.025 224.333 10.2089
0.03 232.667 3.29983
0.035 238.667 1.24722
0.04 241.667 5.79272
0.045 238.667 5.31246
0.05 246.667 7.36357
0.055 240.667 7.13364
0.06 240 3.26599
0.065 241.333 2.0548
0.07 245.667 0.942809
0.075 246.667 2.49444
0.08 246 5.71548
0.085 246.667 5.4365
0.09 251.333 4.98888
0.095 245 2.44949
0.1 248.667 1.69967
0.105 242 2.82843
0.11 243.667 3.29983
0.115 246 0.816497
0.12 245.667 1.24722
0.125 244 2.94392
0.13 250.333 5.4365
0.135 247.333 2.62467
0.14 248.667 4.49691
0.145 244.333 0.471405
0.15 247.667 2.49444
0.155 245.667 1.24722
0.16 244 4.96655
0.165 249 5.71548
0.17 245 2.16025
0.175 246.333 4.98888
0.18 248.333 0.471405
0.185 249 2.94392
0.19 249.333 4.49691
0.195 249 0.816497
0.2 250.333 2.35702
0.205 259 1.63299
0.21 254.667 4.98888
0.405 259.667 2.0548
0.605 258 2.94392
0.809999 261.333 0.471405
