0 82 0
0.005 237.6 3.77359
0.01 242.4 5.27636
0.015 244.2 3.31059
0.02 245.2 2.48193
0.025 244.8 3.86782
0.03 249.6 3.2619
0.035 247.4 3.00666
0.04 248.4 2.93939
0.045 249 2.68328
0.05 249.6 3.2
0.055 248.4 4.67333
0.06 253.8 3.31059
0.065 250.2 2.22711
0.07 251.2 3.48712
0.075 252.6 1.35647
0.08 252.4 3.38231
0.085 250.8 2.13542
0.09 253.4 2.93939
0.095 248.8 2.22711
0.1 250.6 3.07246
0.105 249.6 2.24499
0.11 249.6 2.8
0.115 252.2 1.93907
0.12 251.4 2.57682
0.125 251.6 2.8
0.13 251.6 2.05913
0.135 251.4 3.2619
0.14 251 5.01996
0.145 253.6 2.8
0.15 253 2.09762
0.155 251.8 2.31517
0.16 255.2 2.78568
0.165 252.6 1.49666
0.17 255.4 1.2
0.175 254.4 2.41661
0.18 251.6 2.8
0.185 254 2.28035
0.19 251.2 4.21426
0.195 253.2 2.48193
