0 3171 0
0.01 3281 6
0.02 3272.5 1.5
0.03 3279.5 6.5
0.04 3287.5 2.5
0.05 3293.5 1.5
0.06 3285 1
0.07 3286.5 5.5
0.08 3287 3
0.09 3287 0
0.1 3290.5 0.5
0.11 3291 0
0.12 3291 0
0.13 3291 0
0.14 3291 0
0.15 3291 0
0.16 3291 0
0.17 3291 0
0.18 3291 0
0.19 3291 0
0.2 3290.5 6.5
0.21 3284 0
0.22 3284 0
0.23 3284 0
0.24 3284 0
0.25 3284 0
0.26 3284 0
0.27 3284 0
0.28 3284 0
0.29 3284 0
0.3 3284 0
0.31 3284 0
0.32 3284 0
0.33 3284 0
0.34 3284 0
0.35 3284 0
0.36 3284 0
0.37 3284 0
0.38 3284 0
0.39 3284 0
0.4 3284 0
0.41 3292 3
0.42 3289 0
0.43 3289 0
0.44 3289 0
0.45 3289 0
0.46 3289 0
0.47 3289 0
0.48 3289 0
0.49 3289 0
0.5 3289 0
0.51 3289 0
0.52 3289 0
0.53 3289 0
0.54 3289 0
0.55 3289 0
0.56 3289 0
0.57 3289 0
0.58 3289 0
0.59 3289 0
0.6 3289 0
0.61 3288.5 1.5
0.62 3290 0
0.63 3290 0
0.64 3290 0
0.65 3290 0
0.66 3290 0
0.67 3290 0
0.68 3290 0
0.69 3290 0
0.7 3290 0
0.71 3290 0
0.72 3290 0
0.73 3290 0
0.74 3290 0
0.75 3290 0
0.76 3290 0
0.77 3290 0
0.78 3290 0
0.79 3290 0
0.8 3290 0
0.81 3303 1
0.82 3304 0
0.83 3304 0
0.839999 3304 0
0.849999 3304 0
0.859999 3304 0
0.869999 3304 0
0.879999 3304 0
0.889999 3304 0
0.899999 3304 0
0.909999 3304 0
0.919999 3304 0
0.929999 3304 0
0.939999 3304 0
0.949999 3304 0
0.959999 3304 0
0.969999 3304 0
0.979999 3304 0
0.989999 3304 0
