0 84 0
0.01 211 7
0.02 234.5 3.5
0.03 236.5 10.5
0.04 244.5 2.5
0.05 235.5 2.5
0.06 245 8
0.07 252 3
0.08 246 0
0.09 247.5 6.5
0.1 249 0
0.11 249 0
0.12 249 0
0.13 249 0
0.14 249 0
0.15 249 0
0.16 249 0
0.17 249 0
0.18 249 0
0.19 249 0
0.2 242.5 2.5
0.21 245 0
0.22 245 0
0.23 245 0
0.24 245 0
0.25 245 0
0.26 245 0
0.27 245 0
0.28 245 0
0.29 245 0
0.3 245 0
0.31 245 0
0.32 245 0
0.33 245 0
0.34 245 0
0.35 245 0
0.36 245 0
0.37 245 0
0.38 245 0
0.39 245 0
0.4 245 0
0.41 256 8
0.42 248 0
0.43 248 0
0.44 248 0
0.45 248 0
0.46 248 0
0.47 248 0
0.48 248 0
0.49 248 0
0.5 248 0
0.51 248 0
0.52 248 0
0.53 248 0
0.54 248 0
0.55 248 0
0.56 248 0
0.57 248 0
0.58 248 0
0.59 248 0
0.6 248 0
0.61 249.5 2.5
0.62 247 0
0.63 247 0
0.64 247 0
0.65 247 0
0.66 247 0
0.67 247 0
0.68 247 0
0.69 247 0
0.7 247 0
0.71 247 0
0.72 247 0
0.73 247 0
0.74 247 0
0.75 247 0
0.76 247 0
0.77 247 0
0.78 247 0
0.79 247 0
0.8 247 0
0.81 253 0
0.82 253 0
0.83 253 0
0.839999 253 0
0.849999 253 0
0.859999 253 0
0.869999 253 0
0.879999 253 0
0.889999 253 0
0.899999 253 0
0.909999 253 0
0.919999 253 0
0.929999 253 0
0.939999 253 0
0.949999 253 0
0.959999 253 0
0.969999 253 0
0.979999 253 0
0.989999 253 0
