0 2 0
0.005 15.6 7.17217
0.01 80.2 17.7471
0.015 104.4 21.096
0.02 107.2 21.2546
0.025 125.4 11.6893
0.03 135.2 5.1923
0.035 140 11.3666
0.04 143.4 11.6893
0.045 146.8 10.3421
0.05 152.4 3.07246
0.055 147.8 6.24179
0.06 157.6 2.72764
0.065 157.2 3.86782
0.07 157.2 4.48999
0.075 158.6 6.82935
0.08 160.2 7.6
0.085 160.2 3.65513
0.09 154.2 2.13542
0.095 154.8 2.63818
0.1 155.8 4.11825
0.105 159 4.85798
0.11 162 2.68328
0.115 160.2 5.15364
0.12 159.4 4.71593
0.125 158.2 3.65513
0.13 159.8 5.15364
0.135 161.4 3.92938
0.14 163.2 4.57821
0.145 162.6 3.61109
0.15 165 4.42719
0.155 161 3.28634
0.16 162.4 2.05913
0.165 162.2 3.42929
0.17 162.4 2.33238
0.175 163.8 4.57821
0.18 162.8 2.31517
0.185 162.4 4.12795
0.19 166.4 2.87054
0.195 162.6 3.2
