0 3199 0
0.005 3278 14.7919
0.01 3301.2 4.53431
0.015 3309.4 5.38888
0.02 3312.4 2.05913
0.025 3314.6 4.92341
0.03 3317.8 7.85875
0.035 3317.8 5.84466
0.04 3320.2 4.66476
0.045 3321.4 3.72022
0.05 3319 6.29285
0.055 3324.2 2.22711
0.06 3323.8 4.4
0.065 3320.6 2.6533
0.07 3321.4 4.49889
0.075 3324.4 2.57682
0.08 3325.8 2.4
0.085 3325.4 3.38231
0.09 3322.8 2.78568
0.095 3323.6 6.49923
0.1 3323.2 3.86782
0.105 3325.2 2.4
0.11 3325.8 1.93907
0.115 3326.2 3.24962
0.12 3323.8 1.32665
0.125 3327 4.85798
0.13 3328 5.01996
0.135 3327.6 3.00666
0.14 3327.4 3.32265
0.145 3326.2 5.03587
0.15 3324.8 2.22711
0.155 3327.4 3.72022
0.16 3328.4 1.49666
0.165 3326.8 4.44522
0.17 3326 1.54919
0.175 3330.2 3.05941
0.18 3328.4 2.6533
0.185 3327.8 3.6
0.19 3326.4 1.74356
0.195 3325.6 3.82623
