0 6 0
0.005 7.6 0.8
0.01 20 9.1433
0.015 42.4 17.9064
0.02 60.6 20.6359
0.025 65 25.3929
0.03 80 6.0663
0.035 91.8 7.57364
0.04 105.2 3.65513
0.045 99.4 17.8617
0.05 102.4 15.7937
0.055 109 8.17313
0.06 115.4 6.52993
0.065 117.6 10.0319
0.07 118.2 12.2213
0.075 128.4 6.62118
0.08 122.8 5.23068
0.085 129 4.73286
0.09 128.6 8.95768
0.095 130.6 7.49933
0.1 131.6 2.33238
0.105 131.4 7.60526
0.11 130.6 9.93177
0.115 131.4 3.00666
0.12 136.4 3.2619
0.125 133.8 3.31059
0.13 130.8 3.96989
0.135 132.4 4.22374
0.14 136.4 4.71593
0.145 145 5.09902
0.15 139.2 6.9685
0.155 134.2 7.22219
0.16 134.2 6.33719
0.165 135.4 2.93939
0.17 136.8 3.65513
0.175 143.8 3.18748
0.18 133.6 7.70973
0.185 139.8 5.84466
0.19 137.2 3.65513
0.195 135.8 2.03961
