0 3 0
0.005 4.5 1.5
0.01 6.5 0.5
0.015 31.5 15.5
0.02 52.5 28.5
0.025 85.5 12.5
0.03 94 8
0.035 87 24
0.04 124.5 5.5
0.045 91.5 10.5
0.05 117 4
0.055 98.5 2.5
0.06 122 4
0.065 119 1
0.07 118.5 4.5
0.075 125 5
0.08 126.5 5.5
0.085 112.5 7.5
0.09 124.5 10.5
0.095 122.5 9.5
0.1 128 10
0.105 124.5 7.5
0.11 129 3
0.115 134.5 3.5
0.12 130.5 0.5
0.125 124.5 1.5
0.13 134 2
0.135 136.5 1.5
0.14 152.5 1.5
0.145 128.5 6.5
0.15 137.5 0.5
0.155 131 3
0.16 138 5
0.165 135.5 0.5
0.17 136 3
0.175 138 2
0.18 138 2
0.185 139.5 4.5
0.19 137.5 2.5
0.195 141 2
0.2 139.5 5.5
0.205 144 5
0.21 138.5 1.5
0.215 140 0
0.22 140 0
0.225 140 0
0.23 140 0
0.235 140 0
0.24 140 0
0.245 140 0
0.25 140 0
0.255 140 0
0.26 140 0
0.265 140 0
0.27 140 0
0.275 140 0
0.28 140 0
0.285 140 0
0.29 140 0
0.295 140 0
0.3 140 0
0.305 140 0
0.31 140 0
0.315 140 0
0.32 140 0
0.325 140 0
0.33 140 0
0.335 140 0
0.34 140 0
0.345 140 0
0.35 140 0
0.355 140 0
0.36 140 0
0.365 140 0
0.37 140 0
0.375 140 0
0.38 140 0
0.385 140 0
0.39 140 0
0.395 140 0
0.4 140 0
0.405 138.5 4.5
0.41 149 4
0.415 153 0
0.42 153 0
0.425 153 0
0.43 153 0
0.435 153 0
0.44 153 0
0.445 153 0
0.45 153 0
0.455 153 0
0.46 153 0
0.465 153 0
0.47 153 0
0.475 153 0
0.48 153 0
0.485 153 0
0.49 153 0
0.495 153 0
0.5 153 0
0.505 153 0
0.51 153 0
0.515 153 0
0.52 153 0
0.525 153 0
0.53 153 0
0.535 153 0
0.54 153 0
0.545 153 0
0.55 153 0
0.555 153 0
0.56 153 0
0.565 153 0
0.57 153 0
0.575 153 0
0.58 153 0
0.585 153 0
0.59 153 0
0.595 153 0
0.6 153 0
0.605 145.5 1.5
0.61 146.5 6.5
0.615 153 0
0.62 153 0
0.625 153 0
0.63 153 0
0.635 153 0
0.64 153 0
0.645 153 0
0.65 153 0
0.655 153 0
0.66 153 0
0.665 153 0
0.67 153 0
0.675 153 0
0.68 153 0
0.685 153 0
0.69 153 0
0.695 153 0
0.7 153 0
0.705 153 0
0.71 153 0
0.714999 153 0
0.719999 153 0
0.724999 153 0
0.729999 153 0
0.734999 153 0
0.739999 153 0
0.744999 153 0
0.749999 153 0
0.754999 153 0
0.759999 153 0
0.764999 153 0
0.769999 153 0
0.774999 153 0
0.779999 153 0
0.784999 153 0
0.789999 153 0
0.794999 153 0
0.799999 153 0
0.804999 144 3
0.809999 147 1
0.814999 148 0
0.819999 148 0
0.824999 148 0
0.829999 148 0
0.834999 148 0
0.839999 148 0
0.844999 148 0
0.849999 148 0
0.854999 148 0
0.859999 148 0
0.864999 148 0
0.869999 148 0
0.874999 148 0
0.879999 148 0
0.884999 148 0
0.889999 148 0
0.894999 148 0
0.899999 148 0
0.904999 148 0
0.909999 148 0
0.914999 148 0
0.919999 148 0
0.924999 148 0
0.929999 148 0
0.934999 148 0
0.939999 148 0
0.944999 148 0
0.949999 148 0
0.954999 148 0
0.959999 148 0
0.964999 148 0
0.969999 148 0
0.974999 148 0
0.979999 148 0
0.984999 148 0
0.989999 148 0
0.994999 148 0
