0 6 0
0.005 18.6667 12.6842
0.01 13.3333 4.49691
0.015 34.6667 26.3987
0.02 62.6667 17.5942
0.025 63 17.5689
0.03 82.3333 18.8031
0.035 89.6667 12.4722
0.04 91 11.225
0.045 90 4.32049
0.05 108.667 5.55778
0.055 119 3.74166
0.06 113 9.20145
0.065 125 9.20145
0.07 122 3.74166
0.075 123.667 3.29983
0.08 123 6.97615
0.085 123.667 4.18994
0.09 130 7.48331
0.095 124 9.27362
0.1 128 4.96655
0.105 129.667 3.77124
0.11 129.667 8.73053
0.115 131.667 4.92161
0.12 137 3.74166
0.125 131 1.63299
0.13 125.333 9.46338
0.135 133.667 3.39935
0.14 128.667 5.4365
0.145 128.333 5.18545
0.15 137 12.3558
0.155 136.333 5.73488
0.16 136 2.94392
0.165 139 2.16025
0.17 136 5.65685
0.175 134.667 7.58654
0.18 137 4.08248
0.185 135 6.16441
0.19 138.667 3.68179
0.195 141 4.96655
0.2 143 8.64099
0.205 138.667 1.69967
0.21 137.333 0.471405
0.215 137 0
0.22 137 0
0.225 137 0
0.23 137 0
0.235 137 0
0.24 137 0
0.245 137 0
0.25 137 0
0.255 137 0
0.26 137 0
0.265 137 0
0.27 137 0
0.275 137 0
0.28 137 0
0.285 137 0
0.29 137 0
0.295 137 0
0.3 137 0
0.305 137 0
0.31 137 0
0.315 137 0
0.32 137 0
0.325 137 0
0.33 137 0
0.335 137 0
0.34 137 0
0.345 137 0
0.35 137 0
0.355 137 0
0.36 137 0
0.365 137 0
0.37 137 0
0.375 137 0
0.38 137 0
0.385 137 0
0.39 137 0
0.395 137 0
0.4 137 0
0.405 138.333 0.471405
0.41 146.333 4.18994
0.415 152 0
0.42 152 0
0.425 152 0
0.43 152 0
0.435 152 0
0.44 152 0
0.445 152 0
0.45 152 0
0.455 152 0
0.46 152 0
0.465 152 0
0.47 152 0
0.475 152 0
0.48 152 0
0.485 152 0
0.49 152 0
0.495 152 0
0.5 152 0
0.505 152 0
0.51 152 0
0.515 152 0
0.52 152 0
0.525 152 0
0.53 152 0
0.535 152 0
0.54 152 0
0.545 152 0
0.55 152 0
0.555 152 0
0.56 152 0
0.565 152 0
0.57 152 0
0.575 152 0
0.58 152 0
0.585 152 0
0.59 152 0
0.595 152 0
0.6 152 0
0.605 145.667 1.88562
0.61 145 3.74166
0.615 146 0
0.62 146 0
0.625 146 0
0.63 146 0
0.635 146 0
0.64 146 0
0.645 146 0
0.65 146 0
0.655 146 0
0.66 146 0
0.665 146 0
0.67 146 0
0.675 146 0
0.68 146 0
0.685 146 0
0.69 146 0
0.695 146 0
0.7 146 0
0.705 146 0
0.71 146 0
0.714999 146 0
0.719999 146 0
0.724999 146 0
0.729999 146 0
0.734999 146 0
0.739999 146 0
0.744999 146 0
0.749999 146 0
0.754999 146 0
0.759999 146 0
0.764999 146 0
0.769999 146 0
0.774999 146 0
0.779999 146 0
0.784999 146 0
0.789999 146 0
0.794999 146 0
0.799999 146 0
0.804999 148.667 1.88562
0.809999 149.333 2.86744
0.814999 153 0
0.819999 153 0
0.824999 153 0
0.829999 153 0
0.834999 153 0
0.839999 153 0
0.844999 153 0
0.849999 153 0
0.854999 153 0
0.859999 153 0
0.864999 153 0
0.869999 153 0
0.874999 153 0
0.879999 153 0
0.884999 153 0
0.889999 153 0
0.894999 153 0
0.899999 153 0
0.904999 153 0
0.909999 153 0
0.914999 153 0
0.919999 153 0
0.924999 153 0
0.929999 153 0
0.934999 153 0
0.939999 153 0
0.944999 153 0
0.949999 153 0
0.954999 153 0
0.959999 153 0
0.964999 153 0
0.969999 153 0
0.974999 153 0
0.979999 153 0
0.984999 153 0
0.989999 153 0
0.994999 153 0
