0 79 0
0.01 231 2
0.02 238 3
0.03 242.5 4.5
0.04 249.5 3.5
0.05 237 0
0.06 242 2
0.07 238.5 1.5
0.08 242 6
0.09 238 2
0.1 242 1
0.11 241 0
0.12 241 0
0.13 241 0
0.14 241 0
0.15 241 0
0.16 241 0
0.17 241 0
0.18 241 0
0.19 241 0
0.2 246.5 2.5
0.21 249 0
0.22 249 0
0.23 249 0
0.24 249 0
0.25 249 0
0.26 249 0
0.27 249 0
0.28 249 0
0.29 249 0
0.3 249 0
0.31 249 0
0.32 249 0
0.33 249 0
0.34 249 0
0.35 249 0
0.36 249 0
0.37 249 0
0.38 249 0
0.39 249 0
0.4 249 0
0.41 238.5 1.5
0.42 240 0
0.43 240 0
0.44 240 0
0.45 240 0
0.46 240 0
0.47 240 0
0.48 240 0
0.49 240 0
0.5 240 0
0.51 240 0
0.52 240 0
0.53 240 0
0.54 240 0
0.55 240 0
0.56 240 0
0.57 240 0
0.58 240 0
0.59 240 0
0.6 240 0
0.61 241.5 1.5
0.62 240 0
0.63 240 0
0.64 240 0
0.65 240 0
0.66 240 0
0.67 240 0
0.68 240 0
0.69 240 0
0.7 240 0
0.71 240 0
0.72 240 0
0.73 240 0
0.74 240 0
0.75 240 0
0.76 240 0
0.77 240 0
0.78 240 0
0.79 240 0
0.8 240 0
0.81 239 2
0.82 241 0
0.83 241 0
0.839999 241 0
0.849999 241 0
0.859999 241 0
0.869999 241 0
0.879999 241 0
0.889999 241 0
0.899999 241 0
0.909999 241 0
0.919999 241 0
0.929999 241 0
0.939999 241 0
0.949999 241 0
0.959999 241 0
0.969999 241 0
0.979999 241 0
0.989999 241 0
