0 82 0
0.005 258.6 3.2
0.01 266.2 4.53431
0.015 268.2 2.13542
0.02 267 2.09762
0.025 271 4.14729
0.03 271.6 4.75815
0.035 271.8 2.31517
0.04 269.6 2.15407
0.045 270.4 2.57682
0.05 268.2 2.92575
0.055 273.4 3.38231
0.06 269.2 3.96989
0.065 273.4 2.87054
0.07 274.8 3.24962
0.075 272.2 2.4
0.08 272.8 2.31517
0.085 271 3.28634
0.09 273.2 3.31059
0.095 275.2 3.37046
0.1 272.6 1.35647
0.105 273.4 2.05913
0.11 273.2 3.31059
0.115 274 2.28035
0.12 272.6 3.2
0.125 274.4 2.24499
0.13 274.2 4.9558
0.135 273.2 1.16619
0.14 273.8 1.93907
0.145 272.6 3.72022
0.15 273 2.28035
0.155 273.8 3.05941
0.16 274.8 1.16619
0.165 275.8 2.13542
0.17 274 2.75681
0.175 274.8 2.78568
0.18 274 2.96648
0.185 276.8 2.92575
0.19 276 3.74166
0.195 276.8 1.6
