0 3134 0
0.005 3277.33 4.49691
0.01 3282 4.54606
0.015 3287 5.71548
0.02 3295.67 6.01849
0.025 3291.67 6.64998
0.03 3292.33 11.6142
0.035 3293.33 5.18545
0.04 3291.67 5.90668
0.045 3299.33 1.69967
0.05 3298.33 8.73053
0.055 3297.67 10.6562
0.06 3292.67 2.62467
0.065 3304.33 3.29983
0.07 3299.67 7.13364
0.075 3300.33 9.46338
0.08 3300 2.94392
0.085 3302.67 0.471405
0.09 3301.33 6.12826
0.095 3305.67 2.62467
0.1 3301.33 11.9536
0.105 3305.33 4.49691
0.11 3306.67 6.94422
0.115 3302.33 4.78423
0.12 3306.33 1.88562
0.125 3298.67 1.24722
0.13 3306 2.82843
0.135 3301 10.8012
0.14 3303.33 5.90668
0.145 3307.33 3.29983
0.15 3305.67 4.98888
0.155 3306.33 1.24722
0.16 3312.33 2.86744
0.165 3305.67 1.24722
0.17 3300.67 6.64998
0.175 3305.67 1.88562
0.18 3305.67 2.62467
0.185 3304.33 6.01849
0.19 3304.67 2.35702
0.195 3310 2.94392
0.2 3308.33 4.18994
0.205 3304 9.20145
0.21 3307 9.79796
0.405 3310.67 2.49444
0.605 3308.67 1.69967
0.809999 3305.33 5.4365
