0 2 0
0.005 16.6667 7.03957
0.01 54.6667 14.0554
0.015 77.3333 26.1576
0.02 118.333 9.39267
0.025 130 5.35413
0.03 135.667 13.9124
0.035 137.667 3.09121
0.04 134.667 1.88562
0.045 142.333 10.2089
0.05 151.333 7.31817
0.055 152.667 6.3421
0.06 155.333 6.79869
0.065 152.333 2.0548
0.07 154 4.54606
0.075 154 0.816497
0.08 155 9.09212
0.085 156.667 0.471405
0.09 159.333 4.10961
0.095 157 4.24264
0.1 160.667 0.471405
0.105 161 0.816497
0.11 160.667 5.18545
0.115 162 2.16025
0.12 158 2.94392
0.125 160 5.88784
0.13 160.333 4.02768
0.135 160 3.55903
0.14 156 5.09902
0.145 162 2.82843
0.15 168.333 7.4087
0.155 161.333 4.10961
0.16 160.667 1.24722
0.165 161.667 3.68179
0.17 160 1.63299
0.175 163.333 5.24934
0.18 162.333 2.86744
0.185 160.667 6.12826
0.19 160.333 5.24934
0.195 167.333 1.88562
0.2 162.667 1.69967
0.205 182 2.16025
0.21 180.333 3.09121
0.215 183 0
0.22 183 0
0.225 183 0
0.23 183 0
0.235 183 0
0.24 183 0
0.245 183 0
0.25 183 0
0.255 183 0
0.26 183 0
0.265 183 0
0.27 183 0
0.275 183 0
0.28 183 0
0.285 183 0
0.29 183 0
0.295 183 0
0.3 183 0
0.305 183 0
0.31 183 0
0.315 183 0
0.32 183 0
0.325 183 0
0.33 183 0
0.335 183 0
0.34 183 0
0.345 183 0
0.35 183 0
0.355 183 0
0.36 183 0
0.365 183 0
0.37 183 0
0.375 183 0
0.38 183 0
0.385 183 0
0.39 183 0
0.395 183 0
0.4 183 0
0.405 182.667 8.17856
0.41 187.333 3.39935
0.415 184 0
0.42 184 0
0.425 184 0
0.43 184 0
0.435 184 0
0.44 184 0
0.445 184 0
0.45 184 0
0.455 184 0
0.46 184 0
0.465 184 0
0.47 184 0
0.475 184 0
0.48 184 0
0.485 184 0
0.49 184 0
0.495 184 0
0.5 184 0
0.505 184 0
0.51 184 0
0.515 184 0
0.52 184 0
0.525 184 0
0.53 184 0
0.535 184 0
0.54 184 0
0.545 184 0
0.55 184 0
0.555 184 0
0.56 184 0
0.565 184 0
0.57 184 0
0.575 184 0
0.58 184 0
0.585 184 0
0.59 184 0
0.595 184 0
0.6 184 0
0.605 189.667 0.471405
0.61 188.667 4.78423
0.615 191 0
0.62 191 0
0.625 191 0
0.63 191 0
0.635 191 0
0.64 191 0
0.645 191 0
0.65 191 0
0.655 191 0
0.66 191 0
0.665 191 0
0.67 191 0
0.675 191 0
0.68 191 0
0.685 191 0
0.69 191 0
0.695 191 0
0.7 191 0
0.705 191 0
0.71 191 0
0.714999 191 0
0.719999 191 0
0.724999 191 0
0.729999 191 0
0.734999 191 0
0.739999 191 0
0.744999 191 0
0.749999 191 0
0.754999 191 0
0.759999 191 0
0.764999 191 0
0.769999 191 0
0.774999 191 0
0.779999 191 0
0.784999 191 0
0.789999 191 0
0.794999 191 0
0.799999 191 0
0.804999 187.333 2.62467
0.809999 187 2.94392
0.814999 190 0
0.819999 190 0
0.824999 190 0
0.829999 190 0
0.834999 190 0
0.839999 190 0
0.844999 190 0
0.849999 190 0
0.854999 190 0
0.859999 190 0
0.864999 190 0
0.869999 190 0
0.874999 190 0
0.879999 190 0
0.884999 190 0
0.889999 190 0
0.894999 190 0
0.899999 190 0
0.904999 190 0
0.909999 190 0
0.914999 190 0
0.919999 190 0
0.924999 190 0
0.929999 190 0
0.934999 190 0
0.939999 190 0
0.944999 190 0
0.949999 190 0
0.954999 190 0
0.959999 190 0
0.964999 190 0
0.969999 190 0
0.974999 190 0
0.979999 190 0
0.984999 190 0
0.989999 190 0
0.994999 190 0
