0 92 0
0.005 230 1.41421
0.01 237 0.816497
0.015 241.333 1.24722
0.02 236.333 0.942809
0.025 238.667 4.6428
0.03 243.333 0.942809
0.035 244 1.41421
0.04 242.667 4.10961
0.045 240.333 2.62467
0.05 244.667 1.69967
0.055 242 2.94392
0.06 241.333 2.62467
0.065 242.333 2.86744
0.07 243.667 2.62467
0.075 244.667 0.471405
0.08 242.667 2.49444
0.085 244.333 2.49444
0.09 248 0.816497
0.095 244.667 2.49444
0.1 245 2.16025
0.105 245.667 3.09121
0.11 243 2.16025
0.115 247.667 3.29983
0.12 246.333 2.0548
0.125 246.667 1.24722
0.13 246 5.35413
0.135 247.667 0.942809
0.14 242.333 3.09121
0.145 245 2.94392
0.15 244.667 3.09121
0.155 244.667 0.471405
0.16 246.667 3.68179
0.165 245 1.41421
0.17 243.667 1.24722
0.175 245.333 1.24722
0.18 247 0
0.185 249.667 2.86744
0.19 247 1.41421
0.195 245.333 2.86744
0.2 244 0
0.205 277.667 4.10961
0.21 277.333 0.471405
0.405 275.667 0.942809
0.605 278.667 2.49444
0.809999 279.667 0.942809
