0 6 0
0.005 38 21.7715
0.01 64 13.1453
0.015 73.4 10.5943
0.02 79 21.3073
0.025 100.2 9.10824
0.03 110.2 9.94786
0.035 108.4 13.4848
0.04 118.2 7.78203
0.045 118.6 3.38231
0.05 123.2 7.11056
0.055 127.2 4.01995
0.06 123.6 4.07922
0.065 128.2 2.56125
0.07 127.6 4.07922
0.075 132 2.82843
0.08 123.6 8.61626
0.085 131.4 1.49666
0.09 131.8 6.85274
0.095 131.8 3.54401
0.1 133.6 1.85472
0.105 128 7.58947
0.11 134.4 3.07246
0.115 129.8 6.79412
0.12 134.4 4.63033
0.125 130.6 8.93532
0.13 137 4.14729
0.135 134.8 5.9127
0.14 133.8 2.13542
0.145 134.8 3.86782
0.15 134.2 3.48712
0.155 139.8 6.20967
0.16 133.4 3.66606
0.165 134.2 6.11228
0.17 135.2 7.67854
0.175 140.8 4.66476
0.18 134.8 4.26146
0.185 138.4 2.72764
0.19 136 3.03315
0.195 139.6 4.49889
