arbol_n500_vs_arbol_n750 6.33333 1.24722 5.48866e+06 1.92431e+06
ciclo_n500_vs_ciclo_n750 467 0 2.00516e+06 18919.5
arbol_n500_vs_ciclo_n750 2 0 1.93144e+06 10594.8
bipartito_n750_c_0_1_vs_bipartito_n500_c_0_1 753 2.16025 3.296e+08 4.81805e+06
bipartito_n500_c_0_5_vs_bipartito_n750_c_0_5 9885 202.465 4.00927e+09 2.83309e+07
bipartito_n500_c_0_5_vs_bipartito_n750_c_0_1 2396.33 7.4087 8.55622e+08 3.09375e+06
bipartito_n750_c_1_vs_complete_n500 0 0 180596 22823.2
arbol_n750_vs_completo_n500 492.333 0.471405 1.977e+07 623520
arbol_n500_vs_arbol_n1000 16.3333 7.4087 4.65128e+07 2.24733e+07
ciclo_n500_vs_ciclo_n1000 471 0 4.15108e+06 357745
arbol_n500_vs_ciclo_n1000 2.33333 0.471405 4.88437e+06 1.52512e+06
bipartito_n1000_c_0_1_vs_bipartito_n500_c_0_1 820 4.08248 7.42629e+08 9.793e+06
bipartito_n500_c_0_5_vs_bipartito_n1000_c_0_5 9714 193.355 4.12797e+09 3.20329e+07
bipartito_n500_c_0_5_vs_bipartito_n1000_c_0_1 2397.67 20.155 8.65412e+08 6.19286e+06
bipartito_n1000_c_1_vs_complete_n500 0 0 193719 24613.6
arbol_n1000_vs_completo_n500 492.667 0.471405 2.25364e+07 1.29263e+06
