arbol_n500_vs_arbol_n750 43 7.87401 1.37123e+08 2.76977e+07
ciclo_n500_vs_ciclo_n750 467 0 4.03202e+06 85348.7
arbol_n500_vs_ciclo_n750 28.6667 11.5854 9.32439e+07 3.89187e+07
bipartito_n750_c_0_1_vs_bipartito_n500_c_0_1 656.333 7.7603 5.20991e+08 3.03333e+06
bipartito_n500_c_0_5_vs_bipartito_n750_c_0_5 9764 86.7333 6.84326e+09 5.62202e+07
bipartito_n500_c_0_5_vs_bipartito_n750_c_0_1 2346 7.78888 1.5337e+09 8.04527e+06
bipartito_n750_c_1_vs_complete_n500 0 0 9.27742e+06 55668.9
arbol_n750_vs_completo_n500 492 0 2.41431e+07 297443
arbol_n500_vs_arbol_n1000 47.6667 8.99383 2.71545e+08 4.85082e+07
ciclo_n500_vs_ciclo_n1000 471 0 6.55069e+06 27715.3
arbol_n500_vs_ciclo_n1000 30.3333 8.99383 1.74971e+08 5.52695e+07
bipartito_n1000_c_0_1_vs_bipartito_n500_c_0_1 712.667 1.69967 8.00545e+08 4.5888e+06
bipartito_n500_c_0_5_vs_bipartito_n1000_c_0_5 9690 281.355 6.82936e+09 5.93291e+07
bipartito_n500_c_0_5_vs_bipartito_n1000_c_0_1 2352.33 9.03081 1.55903e+09 4.21535e+06
bipartito_n1000_c_1_vs_complete_n500 0 0 1.32006e+07 71001.7
arbol_n1000_vs_completo_n500 492.333 0.471405 2.96333e+07 4.33363e+06
