aleatorio_n5_c025 1 0 78041.5 45022.5
aleatorio_n5_c050 2 0 45493 4370
aleatorio_n5_c075 4 0 30005.5 5324.5
cografo_n100_k50 677.5 2.5 1.45578e+06 42589.5
cografo_n50_k100 167 0 826150 48510.5
aleatorio_subgrafo_n500_c025 9591 1 5.8343e+10 6.09458e+08
aleatorio_subgrafo_n500_c050 34091.5 22.5 1.87726e+11 5.33849e+09
aleatorio_subgrafo_n500_c075 73447 5 3.35599e+11 3.64611e+08
arbol_subgrafo_n500 59.5 0.5 3.24368e+08 54315.5
completo_subgrafo_n500 124750 0 9.02727e+09 2.06509e+08
ciclo_subgrafo_n500 471 0 9.63356e+06 2.58408e+06
aleatorio_bipartito_vs_completo_n500_k500_c050 66934.5 46.5 8.47852e+11 2.12488e+10
aleatorio_bipartito_vs_completo_n250_k500_c050 62216 0 4.16947e+09 6.17592e+07
bosque_vs_completo_n1000_d10 280.5 1.5 2.98443e+09 2.63554e+07
aleatorio_vs_completo_n1000_d10_c050 3616.5 53.5 3.93246e+10 6.58437e+08
