0 12799.3 119.48
15 38936.2 412.781
30 78284.7 1302.63
45 105605 1479.94
60 170288 1909.5
75 203955 2279.16
90 239277 3556.52
105 270831 1921.43
120 378947 2515.66
135 422633 3226.54
150 468571 2564.88
165 508896 2139.78
180 553208 11362.3
195 597776 11701.4
210 643607 31601.1
225 678713 2648.69
240 725035 4447.88
255 933590 3280.33
270 981955 5982.75
285 1.03794e+06 16486.3
300 1.09151e+06 8004.15
315 1.14637e+06 14754.3
330 1.18559e+06 4588.03
345 1.24077e+06 4159.22
360 1.31977e+06 61096.3
375 1.35139e+06 8674.28
390 1.41557e+06 16648.5
405 1.46066e+06 11497
420 1.53335e+06 51674.6
435 1.62916e+06 114800
450 1.62383e+06 13081.1
465 1.76716e+06 262303
480 1.73304e+06 40819.9
495 1.79197e+06 44766.1
510 2.21652e+06 111842
525 2.46092e+06 247531
540 2.33869e+06 77724.3
555 2.58248e+06 246335
570 2.42678e+06 12397.3
585 2.51725e+06 68589.8
600 2.58424e+06 52574.3
615 2.64392e+06 34176.9
630 2.68097e+06 31734.4
645 2.7723e+06 30477.7
660 2.8152e+06 19117.9
675 2.88297e+06 38474.4
690 2.95182e+06 54094.4
705 3.01557e+06 35878.7
720 3.12524e+06 118071
735 3.21972e+06 175378
750 3.2507e+06 54045.1
765 3.28969e+06 72287.9
780 3.9579e+06 717282
795 3.40413e+06 72839.8
810 3.44374e+06 22862.4
825 3.48715e+06 27237.6
840 3.94395e+06 370450
855 3.74401e+06 99390.8
870 3.69555e+06 36699.9
885 3.80226e+06 79211.6
900 3.83799e+06 44082
915 3.88588e+06 19209.5
930 3.94978e+06 12138.3
945 4.06142e+06 92589.9
960 5.63592e+06 969161
975 4.15616e+06 40331.5
990 4.20064e+06 21674.1
1005 4.34887e+06 117263
1020 5.24626e+06 241962
1035 5.26707e+06 97244.2
1050 5.39749e+06 112965
1065 5.3872e+06 34510.1
1080 5.53696e+06 249659
1095 5.48495e+06 33952.1
1110 5.55965e+06 32318.1
1125 5.71885e+06 54639.2
1140 5.80415e+06 24479.9
1155 5.86838e+06 28582.6
1170 5.98368e+06 84421.3
1185 6.18824e+06 181279
1200 6.50366e+06 300162
1215 8.02385e+06 1.05785e+06
1230 6.49604e+06 412598
1245 6.55882e+06 329201
1260 6.55594e+06 152278
1275 6.69514e+06 216137
1290 7.04984e+06 365306
1305 6.83466e+06 95510.6
1320 7.13072e+06 377141
1335 7.27293e+06 336198
1350 7.384e+06 317973
1365 7.42626e+06 409690
1380 7.44164e+06 243731
1395 7.93195e+06 840846
1410 7.75833e+06 363923
1425 7.6392e+06 187528
1440 7.76754e+06 175392
1455 8.14505e+06 573111
1470 8.41546e+06 779086
1485 8.11772e+06 187030
