0 14288.2 140.304
10 74675 2403.78
20 205192 6085.73
30 436516 2956.63
40 810574 26231.1
50 1.33075e+06 89536.4
60 2.08186e+06 85344.5
70 3.07619e+06 97228.2
80 4.31462e+06 194658
90 5.9228e+06 125138
100 7.87384e+06 203740
110 1.02626e+07 250648
120 1.31757e+07 178083
130 1.65589e+07 182873
140 2.09883e+07 317430
150 2.53979e+07 911859
160 3.09861e+07 322297
170 3.70798e+07 203206
180 4.43935e+07 340422
190 5.30314e+07 1.59465e+06
200 6.08159e+07 492065
210 7.00866e+07 564500
220 8.07961e+07 471129
230 9.2856e+07 515593
240 1.0499e+08 547303
250 1.24487e+08 3.33985e+06
260 1.37112e+08 3.49235e+06
270 1.55943e+08 5.8321e+06
280 1.68272e+08 867442
290 1.9615e+08 7.11621e+06
300 2.17178e+08 7.20185e+06
310 2.29798e+08 2.82116e+06
320 2.53102e+08 3.07812e+06
330 2.84831e+08 4.25305e+06
340 3.15074e+08 7.85724e+06
350 3.35132e+08 2.79266e+06
360 3.66083e+08 4.57115e+06
370 4.05395e+08 9.69185e+06
380 4.46055e+08 1.15766e+07
390 4.74028e+08 9.81923e+06
400 5.08347e+08 1.81618e+07
410 5.6289e+08 1.07027e+07
420 5.98711e+08 7.80531e+06
430 6.44008e+08 1.01576e+07
440 6.75094e+08 2.66254e+06
450 7.23202e+08 3.60372e+06
460 7.77709e+08 2.95471e+06
470 8.31825e+08 3.03303e+06
480 8.89932e+08 4.14351e+06
490 9.54769e+08 2.33868e+06
