0 3834.66 141.757
3 11138.6 742.804
6 20279.9 372.315
9 33588.7 1870.66
12 50727.9 2069.59
15 65017.8 5533.03
18 85826.9 5223.04
21 108010 5341.87
24 130962 5705.01
27 159014 6016.1
30 186217 5004.69
33 220284 4682.91
36 250646 4322.33
39 285991 5541.59
42 321934 5919.24
45 360010 7064.85
48 400701 5157.03
51 442041 4748.06
54 488043 7688.56
57 532655 7292.53
60 581313 5851.78
63 561068 5771.84
66 633309 8841.16
69 692803 18944.3
72 741928 9637.52
75 799991 11708.7
78 859395 14420.5
81 923863 13898.4
84 989399 13478.6
87 1.05599e+06 15861.5
90 1.12431e+06 14214.6
93 1.19873e+06 16273.7
96 1.2655e+06 15070.8
99 1.36175e+06 27315.6
102 1.42061e+06 18280.8
105 1.50341e+06 17124.8
108 1.58428e+06 19010.5
111 1.66604e+06 21035.2
114 1.75004e+06 19452
117 1.85201e+06 31559.2
120 1.92297e+06 20732.7
123 2.01903e+06 25584.7
126 1.97919e+06 15444.1
129 2.10796e+06 8014.84
132 2.21475e+06 31786.8
135 2.29956e+06 11986.1
138 2.4068e+06 11088.3
141 2.51237e+06 7729.15
144 2.62813e+06 37083.2
147 2.72295e+06 14717.2
150 2.84016e+06 28035.7
153 2.94511e+06 15247.7
156 3.07583e+06 25263.3
159 3.18081e+06 15471
162 3.29298e+06 12788
165 3.43855e+06 45965.2
168 3.53061e+06 17086.5
171 3.65655e+06 16682
174 3.78413e+06 20453.1
177 3.90756e+06 17584.7
180 4.0581e+06 42724.6
183 4.17351e+06 24554.2
186 4.30478e+06 18616.9
189 4.2396e+06 21071.3
192 4.38893e+06 25791.9
195 4.5484e+06 51098.6
198 4.65912e+06 26992.4
201 4.81766e+06 49481.9
204 4.95201e+06 27224.3
207 5.11769e+06 55488.3
210 5.24863e+06 30723.1
213 5.42906e+06 73421
216 5.55647e+06 34575.7
219 5.73202e+06 33470.4
222 5.88075e+06 36094.1
225 6.04605e+06 40522.8
228 6.21238e+06 51150.2
231 6.36851e+06 35453.7
234 6.53271e+06 36729.2
237 6.68963e+06 37997.2
240 6.86708e+06 32068.8
243 7.02615e+06 34154.8
246 7.20266e+06 41475.5
249 7.37422e+06 35872.8
252 7.55122e+06 37287.5
255 7.46865e+06 36875.9
258 7.76231e+06 50578.2
261 7.92235e+06 24797.2
264 8.10609e+06 20992.9
267 8.30163e+06 14984.2
270 8.4967e+06 21673.5
273 8.70204e+06 20448.7
276 8.89164e+06 27745.3
279 9.08954e+06 29888.8
282 9.28644e+06 24909.7
285 9.49878e+06 26685.9
288 9.71488e+06 22073.6
291 9.90598e+06 21834.3
294 1.01122e+07 21948.6
297 1.03229e+07 23916.7
