100 2.34762e+06 68711.7
110 2.77355e+06 30139.6
120 3.307e+06 101758
130 3.78187e+06 190342
140 4.22283e+06 35953.7
150 4.94826e+06 335044
160 5.14204e+06 79204.7
170 5.72243e+06 113928
180 6.19953e+06 162792
190 6.68277e+06 56411.2
200 7.05409e+06 31235
210 7.63231e+06 107764
220 8.17686e+06 196061
230 8.69054e+06 98397.9
240 9.1288e+06 113293
250 9.58107e+06 102368
260 1.00916e+07 196174
270 1.06315e+07 179893
280 1.11719e+07 198577
290 1.16022e+07 145805
300 1.22871e+07 324738
310 1.26913e+07 286806
320 1.30857e+07 202764
330 1.34392e+07 129997
340 1.39842e+07 183305
350 1.45352e+07 174516
360 1.49604e+07 123867
370 1.56872e+07 213776
380 1.60553e+07 247092
390 1.64411e+07 190045
400 1.69961e+07 309337
410 1.7584e+07 194972
420 1.79859e+07 183188
430 1.84253e+07 216958
440 1.90029e+07 230341
450 1.95461e+07 265326
460 1.98643e+07 190900
470 2.04818e+07 103740
480 2.1022e+07 90825
490 2.1675e+07 277979
500 2.19019e+07 126623
510 2.23261e+07 111531
520 2.30078e+07 237618
530 2.32605e+07 89558.5
540 2.40295e+07 306547
550 2.44281e+07 110722
560 2.50428e+07 293386
570 2.51732e+07 119630
580 2.58828e+07 233099
590 2.59939e+07 45086.6
600 2.82705e+07 2.56721e+06
610 2.74153e+07 176011
620 2.83054e+07 1.32083e+06
630 2.8414e+07 403484
640 2.90385e+07 257024
650 2.94068e+07 223353
660 3.00403e+07 136800
670 3.04893e+07 54928.8
680 3.08584e+07 183475
690 3.15752e+07 200396
700 3.15981e+07 105175
710 3.21027e+07 194358
720 3.26654e+07 157436
730 4.1137e+07 5.48629e+06
740 4.05166e+07 484412
750 3.88304e+07 3.7225e+06
760 3.62092e+07 1.45159e+06
770 3.59991e+07 397456
780 3.61396e+07 119560
790 3.6783e+07 214685
800 3.68621e+07 76733
810 3.73837e+07 222384
820 3.7862e+07 148150
830 3.81986e+07 224413
840 3.90629e+07 494543
850 3.94444e+07 189127
860 3.98934e+07 223435
870 4.02533e+07 224845
880 4.06795e+07 258512
890 4.16314e+07 379089
900 4.16174e+07 36593.9
910 4.21314e+07 156614
920 4.23764e+07 134213
930 4.29113e+07 54309.4
940 4.36163e+07 125839
950 4.54735e+07 1.39139e+06
960 4.5061e+07 504912
970 4.55679e+07 424764
980 4.63943e+07 515898
990 4.6834e+07 201313
