100 5936.66 422.397
104 18200.6 283.496
108 38649.8 186.717
112 70091.7 446.635
116 116463 659.177
120 178692 1922.27
124 262012 1804.67
128 368277 2067.94
132 503507 5467.5
136 665230 4182.28
140 861473 2595.57
144 1.10739e+06 4771.13
148 1.39066e+06 5796.61
152 1.73451e+06 40306.7
156 2.09218e+06 5046.34
160 2.51832e+06 10326.9
164 3.06549e+06 39638.1
168 3.55205e+06 18072
172 4.17621e+06 37171.5
176 4.85648e+06 64259.4
180 5.66769e+06 169795
184 6.58963e+06 133191
188 7.38593e+06 50645.4
192 8.28886e+06 20954.6
196 9.38694e+06 19363.3
200 1.04993e+07 34554.5
204 1.1686e+07 91896.2
208 1.28349e+07 66892.5
212 1.38808e+07 55307.5
216 1.50066e+07 51182.6
220 1.61208e+07 91302.2
224 1.72682e+07 55085.5
228 1.83932e+07 46317.1
232 1.95023e+07 84658
236 2.05732e+07 51401.1
240 2.17422e+07 96249.6
244 2.2906e+07 45837.4
248 2.4001e+07 75960.7
252 2.51048e+07 71511.3
256 2.62252e+07 43065.6
260 2.73501e+07 88030.4
264 2.84986e+07 83221.6
268 2.97979e+07 387592
272 3.08027e+07 83435.3
276 3.19843e+07 153251
280 3.30935e+07 86579.7
284 3.41334e+07 127712
288 3.53605e+07 141582
292 3.64374e+07 104823
296 3.76125e+07 162566
300 4.06181e+07 2.36864e+06
304 4.01264e+07 628890
308 4.18587e+07 1.22219e+06
312 4.24559e+07 398479
316 4.3558e+07 475471
320 4.46798e+07 461982
324 4.65182e+07 742141
328 4.73598e+07 986467
332 4.89461e+07 763658
336 4.87085e+07 141616
340 5.01992e+07 881933
344 5.16377e+07 1.34583e+06
348 5.36767e+07 1.78142e+06
352 5.41748e+07 1.04238e+06
356 5.5106e+07 595607
360 5.6166e+07 570333
364 5.77452e+07 875745
368 6.107e+07 3.41054e+06
372 6.25679e+07 4.89262e+06
376 6.03097e+07 135029
380 6.18946e+07 728988
384 6.25049e+07 124675
388 6.36001e+07 131583
392 6.49025e+07 151614
396 6.60964e+07 208231
