0 90.4571 17.147
3 2004.83 107.656
6 3417.54 113.375
9 4546.63 132.936
12 6060.4 193.348
15 7905.54 241.071
18 11091.3 967.83
21 11157.5 47.3385
24 15022.3 666.86
27 16371.3 1256.76
30 21273.3 3107.63
33 22172.4 2072.06
36 25802.4 2214.72
39 26057.5 1312.2
42 32933.5 645.514
45 34599.3 3333.82
48 34940.3 914.112
51 42795.2 2693.19
54 49258 2384.9
57 53989.5 2001.82
60 55887 3540.57
63 59161.2 3118.48
66 64284.3 3975.34
69 67596.5 3064.38
72 73197.1 3481.22
75 76464 2959.78
78 79433 3958.94
81 83844.1 4249.43
84 90930.7 3927.49
87 95076.4 2984.6
90 99020.7 4172.12
93 107376 2878.75
96 111477 2933.52
99 120381 4863.74
102 125608 3530.38
105 130918 1359.13
108 137896 3219.13
111 144489 3065.8
114 149228 4685.34
117 156643 3191.6
120 163125 3349.42
123 169698 3052.04
126 176794 3430.29
129 183457 4972.57
132 189948 3181.76
135 196520 4197.35
138 203550 3288.55
141 211377 3788.81
144 218904 3451.9
147 226263 3643.32
150 233524 3315.02
153 242273 3980.45
156 249134 2853.66
159 257049 4215.76
162 266339 2747.21
165 273589 3118.73
168 282379 3814.93
171 294454 10697
174 302621 7642.66
177 310962 5102.35
180 317148 4509.2
183 324836 3395.51
186 334527 3834.46
189 291375 3153.18
192 298915 4323.74
195 320996 4874.36
198 327042 6569.6
201 336620 7291.52
204 346545 7368.11
207 353836 6983.16
210 365087 8118.33
213 377644 5040.24
216 384208 6031.22
219 393440 6665.88
222 403762 7413.84
225 413887 8476.76
228 423906 8188.51
231 435652 7349.52
234 446685 7892.41
237 460093 7457.87
240 471322 7483.18
243 490606 15413
246 497473 7529.97
249 509234 8216.16
252 528446 15595.1
255 529765 8967.9
258 543250 8515.23
261 555721 9464.57
264 568824 8292.98
267 579328 9600.5
270 591909 8702.26
273 603545 8487.2
276 617893 9976.9
279 631655 9297.35
282 642286 9957.51
285 652979 10408.5
288 672591 8937.93
291 685822 9707.49
294 694272 10500.7
297 711811 10711.7
