100 5840.49 199.837
104 18121.9 362.565
108 39881.4 402.452
112 72753.1 713.511
116 121450 751.875
120 187608 3767.55
124 273954 2919.29
128 385730 2681.81
132 517829 2912.4
136 691583 3479.99
140 896078 4031.5
144 1.14236e+06 3786.55
148 1.42515e+06 5937.84
152 1.76642e+06 22644.4
156 2.15672e+06 29470.7
160 2.5758e+06 8850.22
164 3.07515e+06 10281.1
168 3.62593e+06 6474.84
172 4.25009e+06 10875.2
176 4.99235e+06 54132.3
180 5.7475e+06 18106.6
184 6.57421e+06 14782.6
188 7.50068e+06 59658.4
192 8.56892e+06 89267.8
196 9.80283e+06 454105
200 1.08851e+07 167944
204 1.20025e+07 176008
208 1.30618e+07 326134
212 1.43274e+07 239667
216 1.59268e+07 542319
220 1.66842e+07 254591
224 1.77768e+07 462445
228 1.88004e+07 206953
232 2.01426e+07 460642
236 2.12022e+07 227129
240 2.2318e+07 213155
244 2.35318e+07 273420
248 2.46503e+07 297613
252 2.57713e+07 265393
256 2.70595e+07 336747
260 2.81029e+07 303729
264 2.93922e+07 322366
268 3.04644e+07 344284
272 3.16611e+07 376959
276 3.28356e+07 371803
280 3.38984e+07 389757
284 3.51634e+07 373240
288 3.64327e+07 423405
292 3.7428e+07 416394
296 3.87609e+07 417974
300 3.99649e+07 443521
304 4.09733e+07 437640
308 4.22417e+07 478883
312 4.33166e+07 472639
316 4.45181e+07 526486
320 4.58125e+07 490752
324 4.68923e+07 524495
328 4.80437e+07 500817
332 4.91802e+07 498894
336 5.05436e+07 560963
340 5.16824e+07 517546
344 5.27951e+07 554342
348 5.39514e+07 573743
352 5.4894e+07 534436
356 5.63227e+07 572216
360 5.79319e+07 905709
364 5.95245e+07 1.61915e+06
368 6.20189e+07 3.67135e+06
372 6.11942e+07 750250
376 6.27284e+07 686289
380 6.36938e+07 548985
384 6.4914e+07 673831
388 6.6624e+07 1.28505e+06
392 6.71772e+07 625755
396 6.83713e+07 727267
