200 32716.9 135.458
202 5.23834e+07 255959
204 7.45223e+07 663735
206 6.43113e+07 6.53248e+06
208 4.19805e+07 4.74342e+06
210 9.87818e+07 6.18812e+06
212 7.93184e+07 4.61137e+06
214 3.87299e+07 4.54735e+06
216 8.18017e+07 354050
218 5.75804e+07 335201
220 3.52503e+07 1.06186e+06
222 8.28087e+07 265242
224 7.34228e+07 1.3261e+06
226 4.18158e+07 293345
228 7.71424e+07 1.94335e+06
230 6.32525e+07 3.65627e+06
232 7.86059e+07 2.20763e+06
234 8.57181e+07 1.04744e+06
236 6.76598e+07 261670
238 4.44456e+07 131192
240 4.38351e+07 2.57502e+06
242 1.19686e+08 2.28249e+06
244 4.24349e+07 432742
246 6.94218e+07 277936
248 1.08156e+08 1.34863e+06
250 4.73845e+07 499805
252 1.06336e+08 3.00431e+06
254 9.12914e+07 1.59767e+06
256 8.48682e+07 859328
258 1.29672e+08 4.14683e+06
260 1.19932e+08 1.69365e+06
262 1.15706e+08 1.85821e+06
264 1.25598e+08 1.80945e+06
266 1.05519e+08 7.38688e+06
268 1.38122e+08 8.34527e+06
270 1.60265e+08 3.63668e+06
272 1.46078e+08 6.71666e+06
274 1.4308e+08 6.51246e+06
276 1.35277e+08 7.05834e+06
278 1.916e+08 9.58425e+06
280 7.06775e+07 2.51842e+06
282 1.08928e+08 2.20006e+06
284 8.89577e+07 2.97089e+06
286 9.1427e+07 2.15283e+06
288 1.10273e+08 3.1184e+06
290 6.9131e+07 5.34454e+06
292 7.78796e+07 4.4019e+06
294 1.07737e+08 1.32525e+06
296 1.54824e+08 1.20855e+06
298 1.27232e+08 4.57054e+06
300 1.96287e+08 4.72658e+06
302 1.85304e+08 1.32977e+06
304 1.40937e+08 3.48002e+06
306 1.17395e+08 3.33422e+06
308 1.33665e+08 1.75759e+06
310 1.9541e+08 1.63789e+06
312 2.23965e+08 311723
314 1.38641e+08 172377
316 1.79105e+08 387451
318 2.33063e+08 3.37539e+06
320 1.62902e+08 219243
322 1.01274e+08 426873
324 1.01419e+08 4.95286e+06
326 1.61553e+08 6.06138e+06
328 2.23904e+08 3.68987e+06
330 2.19948e+08 5.02674e+06
332 1.4729e+08 783452
334 2.0714e+08 3.3946e+06
336 2.50313e+08 4.09384e+06
338 2.08946e+08 5.75494e+06
340 2.6571e+08 6.37019e+06
342 1.37787e+08 1.0388e+06
344 2.56432e+08 2.34494e+06
346 8.49984e+07 646223
348 2.72635e+08 2.68599e+06
