0 88.4571 16.7628
3 2057.71 107.108
6 3410.69 120.586
9 4571.6 124.682
12 6126.26 195.351
15 8077.8 205.774
18 11094.7 472.571
21 11458.7 68.9534
24 15452.9 851.641
27 16872.1 1438.17
30 21348.7 2808.56
33 22565.9 1872.4
36 26332.6 2177.82
39 26418.1 767.248
42 33475.5 841.124
45 34694.9 2588.45
48 35694.6 776.666
51 43839.9 2839.75
54 50400 2541.32
57 54898.5 1757.36
60 57182.5 3434.15
63 60431.9 3192.18
66 65587.7 3649.03
69 68860.3 3240.74
72 74469 2821.23
75 77850.5 3515.7
78 80171.1 3403.64
81 84840.9 4178.2
84 91621 4321.5
87 97486.4 4307.46
90 100870 3744.25
93 108729 3471.25
96 113438 3286.44
99 122431 2404.03
102 128310 2845.64
105 134282 3620.12
108 140836 2843.7
111 146559 3561.96
114 151735 3047.25
117 159113 3966.37
120 165581 3399.91
123 172508 3301.96
126 178568 3057.23
129 185036 3225.87
132 192022 3577.71
135 199053 3809.56
138 206353 2865.06
141 214420 3802.58
144 221485 4596.33
147 228997 3066.18
150 235575 2252.28
153 244526 3410.92
156 251883 3402.65
159 260004 4660.66
162 267681 2621.58
165 276325 3326.83
168 284963 3549.81
171 299744 11655.3
174 305638 7131.3
177 312671 5518.23
180 320178 5476.03
183 328464 4495.64
186 336643 4139.28
189 293763 4647.75
192 302586 3989.12
195 322348 5762.09
198 326949 7311.46
201 336122 7179.13
204 347448 7347.7
207 358636 7048.54
210 366623 6784.77
213 380501 6116.85
216 386941 5461.12
219 397313 6328.06
222 408308 6910.5
225 417446 7694.83
228 426964 7947.45
231 438786 7438.2
234 449427 7393.32
237 460619 7977.94
240 473251 8108.68
243 485876 7901.65
246 498581 7908.2
249 518288 21177.9
252 518721 9628.58
255 530307 9013.59
258 545180 9527.43
261 554622 9184.97
264 567650 8711.74
267 579204 9528.33
270 591366 8554.35
273 602455 9474.37
276 617619 8632.67
279 632293 10192.6
282 643084 10176.7
285 654631 10745.4
288 669610 11165
291 686307 10266.4
294 697472 10647.2
297 709376 10221.8
