0 7.92654e+06 656162
0.02 7.2433e+06 722805
0.04 8.71854e+06 748611
0.06 6.7915e+06 696505
0.08 7.46733e+06 814365
0.1 1.2571e+07 733120
0.12 7.40739e+06 763153
0.14 9.26654e+06 696064
0.16 1.34999e+07 745985
0.18 7.09007e+06 705306
0.2 7.67691e+06 1.43183e+06
0.22 8.05741e+06 569954
0.24 7.62685e+06 673983
0.26 1.41915e+07 603987
0.28 1.01642e+07 1.76421e+06
0.3 1.82219e+07 1.90034e+06
0.32 1.10321e+07 627397
0.34 8.15509e+06 681280
0.36 1.62258e+07 765481
0.38 1.73587e+07 676109
0.4 9.31437e+06 612687
0.42 1.3096e+07 620529
0.44 8.41779e+06 522567
0.46 1.3945e+07 703183
0.48 1.76914e+07 2.18583e+06
0.5 1.90334e+07 1.68707e+06
0.52 1.76669e+07 912090
0.54 1.8455e+07 742844
0.56 1.94367e+07 903621
0.58 1.58039e+07 943984
0.6 1.7104e+07 684857
0.62 1.55804e+07 570050
0.64 2.07236e+07 837968
0.66 1.63911e+07 665572
0.68 1.49969e+07 713640
0.7 1.46905e+07 1.01827e+06
0.72 2.09421e+07 1.07007e+06
0.74 1.02394e+07 617670
0.76 2.18152e+07 3.38666e+06
0.78 1.45531e+07 1.09674e+06
0.8 1.29146e+07 680787
0.82 2.29668e+07 829533
0.84 2.26213e+07 860888
0.86 2.04772e+07 725315
0.88 2.41302e+07 891320
0.9 1.67651e+07 749524
0.92 2.15806e+07 859416
0.94 2.546e+07 941675
0.96 2.5436e+07 902038
0.98 2.54446e+07 970157
