0 3900.63 142.622
3 11103.1 1433.09
6 23498.1 469.913
9 44133.5 1915.73
12 77141.1 2421
15 118944 5055.72
18 170748 3711.69
21 249808 9507.37
24 369523 26233.8
27 466834 28932.1
30 644122 37346.6
33 828387 46520.1
36 1.01772e+06 33876.1
39 1.25445e+06 46822.4
42 1.46735e+06 56023
45 1.80325e+06 77331.9
48 2.20548e+06 83335.1
51 2.51542e+06 113496
54 3.05507e+06 124116
57 3.49377e+06 167941
60 3.82259e+06 138939
63 4.46713e+06 186270
66 5.01384e+06 111552
69 5.63337e+06 140956
72 6.2275e+06 183658
75 6.84814e+06 135501
78 8.21109e+06 313503
81 8.87615e+06 211822
84 9.43597e+06 124824
87 1.05997e+07 276188
90 1.1711e+07 340504
93 1.33652e+07 315616
96 1.40885e+07 324438
99 1.50532e+07 264615
102 1.62583e+07 180532
105 1.87118e+07 555196
108 1.94523e+07 385791
111 2.06922e+07 126260
114 2.23178e+07 80367.2
117 2.42958e+07 345682
120 2.62282e+07 441397
123 2.79386e+07 351096
126 2.99735e+07 416406
129 3.20399e+07 567129
132 3.38936e+07 202526
135 3.63303e+07 365139
138 3.92207e+07 560119
141 4.16294e+07 578741
144 4.39709e+07 516877
147 4.70036e+07 671629
150 5.02624e+07 1.27945e+06
153 5.25157e+07 923186
156 5.53585e+07 240757
159 5.8576e+07 311937
162 6.17364e+07 287037
165 6.50272e+07 148342
168 6.85051e+07 115519
171 7.30911e+07 1.28117e+06
174 7.68232e+07 812571
177 8.10225e+07 1.23986e+06
180 8.45102e+07 458866
183 8.86486e+07 525092
186 9.33327e+07 1.17027e+06
189 9.83652e+07 1.92971e+06
192 1.02372e+08 1.5439e+06
195 1.06916e+08 925134
198 1.11162e+08 980689
201 1.18214e+08 2.29686e+06
204 1.21518e+08 1.69058e+06
207 1.27336e+08 1.81103e+06
210 1.32576e+08 1.0862e+06
213 1.38526e+08 2.5043e+06
216 1.42647e+08 111848
219 1.48493e+08 74847.4
222 1.54554e+08 101294
225 1.60828e+08 176811
228 1.6721e+08 176765
231 1.73757e+08 76194.6
234 1.82544e+08 1.75832e+06
237 1.87492e+08 168657
240 1.94464e+08 190357
243 2.02598e+08 1.4487e+06
246 2.12292e+08 3.37955e+06
249 2.18995e+08 1.77725e+06
252 2.25802e+08 820368
255 2.35453e+08 3.00336e+06
258 2.40703e+08 686171
261 2.50948e+08 1.76018e+06
264 2.58812e+08 838952
267 2.67835e+08 921304
270 2.76694e+08 1.22036e+06
273 2.85815e+08 836954
276 2.95084e+08 862236
279 3.05378e+08 2.24578e+06
282 3.14324e+08 987750
285 3.24286e+08 2.05939e+06
288 3.36502e+08 2.32663e+06
291 3.43498e+08 152472
294 3.53992e+08 83006.4
297 3.64833e+08 169482
