0 2.31936e+06 182690
0.02 3.08766e+06 124915
0.04 2.97216e+06 53993.1
0.06 5.89206e+06 191974
0.08 3.08524e+06 136262
0.1 3.34013e+06 115284
0.12 1.33219e+07 257992
0.14 3.69433e+07 267852
0.16 3.20562e+07 581052
0.18 1.38336e+07 366434
0.2 7.74241e+06 22041.7
0.22 1.94947e+07 187521
0.24 2.1814e+07 146949
0.26 3.18524e+07 162469
0.28 3.79524e+07 152077
0.3 4.38105e+07 71620.9
0.32 4.69548e+07 234102
0.34 1.83485e+07 233223
0.36 3.7552e+07 282506
0.38 3.15974e+07 769198
0.4 3.19095e+07 149340
0.42 3.11656e+07 358622
0.44 2.60171e+07 631704
0.46 2.24518e+07 167696
0.48 9.86062e+06 136124
0.5 4.78185e+07 1.19901e+06
0.52 3.48046e+07 103175
0.54 5.02731e+07 948207
0.56 4.70222e+07 213918
0.58 3.07482e+07 238709
0.6 3.68753e+07 299308
0.62 5.02744e+07 333003
0.64 3.96406e+07 367616
0.66 4.51504e+07 922948
0.68 5.20544e+07 332855
0.7 4.99136e+07 398742
0.72 3.61707e+07 264771
0.74 5.12942e+07 512419
0.76 5.22398e+07 305146
0.78 5.19107e+07 370391
0.8 5.04982e+07 305691
0.82 5.19324e+07 231413
0.84 4.19694e+07 241400
0.86 5.21237e+07 1.65765e+06
0.88 5.95249e+07 3.63639e+06
0.9 2.81934e+07 225541
0.92 5.32997e+07 511593
0.94 5.59114e+07 670275
0.96 5.95023e+07 578156
0.98 5.94264e+07 439629
