300 2.79708e+07 745619
306 1.78108e+07 557678
312 1.69275e+07 140128
318 2.07046e+07 218896
324 2.1541e+07 391527
330 3.68725e+07 862623
336 2.41063e+07 105381
342 3.03179e+07 515974
348 1.88678e+07 572086
354 7.57165e+07 1.09239e+06
360 2.12569e+07 425351
366 3.12658e+07 283535
372 2.9757e+07 190761
378 3.23776e+07 263298
384 2.88022e+07 323105
390 3.64479e+07 278253
396 3.16798e+07 414243
402 3.02036e+07 442828
408 3.27097e+07 308015
414 3.53605e+07 990213
420 3.115e+07 484029
426 7.7047e+07 3.65758e+06
432 3.46473e+07 236976
438 2.90033e+07 158626
444 4.87912e+07 113309
450 5.54606e+07 209277
456 4.70959e+07 244977
462 5.30937e+07 161105
468 3.21333e+07 165466
474 4.30703e+07 178861
480 4.99675e+07 189656
486 3.51332e+07 127320
492 5.53674e+07 158601
498 3.5445e+07 176001
504 3.31779e+07 194069
510 8.19176e+07 283121
516 5.63212e+07 188995
522 4.27284e+07 208793
528 8.66915e+07 211414
534 4.76385e+07 244488
540 4.97393e+07 229917
546 6.64226e+07 230805
552 1.00552e+08 203649
558 6.48609e+07 168972
564 4.41971e+07 121393
570 6.73912e+07 250553
576 6.31647e+07 295954
582 5.89565e+07 143491
588 8.35179e+07 360762
594 6.62522e+07 501600
