2 3078.74 127.525
7 4287.03 137.291
12 5598.57 225.552
17 7300.2 229.658
22 9284.2 854.567
27 10255 67.9859
32 12960.5 963.722
37 16413.7 1809.34
42 17958.6 2179.12
47 20410.3 968.166
52 23234.8 2344.17
57 24528.9 1305.69
62 29044 526.471
67 30891.3 2865.58
72 32492.7 1743.51
77 40275.4 2320.81
82 45710.4 1277.85
87 48475 2888.03
92 50644 3888.17
97 53376.3 3471.34
102 56742.6 3752.54
107 61145.9 2548.59
112 66108.2 3130.41
117 71826.6 3640.3
122 73472.9 3783.27
127 76086.3 4125.9
132 80751.8 3906.08
137 88081.7 3730.05
142 90962.7 4063.39
147 98998.5 7505.41
152 101779 3135.18
157 110785 3507.82
162 115592 3420.79
167 120171 1393.31
172 126357 2326.2
177 131974 2595.53
182 136534 2611.28
187 143423 2426.41
192 148972 2374.43
197 155059 3103.47
202 160947 2764.48
207 167421 3211.61
212 174330 3085.29
217 181400 4240.73
222 185854 3234.14
227 192169 2694.9
232 200164 4222.24
237 207654 2434.35
242 212156 2600.59
247 220046 4033.23
252 227785 3167.84
257 233206 3380.44
262 241579 2824.6
267 248213 3802.07
272 255825 2799.13
277 264607 4299.73
282 271064 2814
287 279732 2582.46
292 301047 25974.5
297 297719 4455.93
302 303557 4151.5
307 255289 3912.23
312 262748 3761.97
317 279225 6393.4
322 285388 6408.9
327 295066 5945.36
332 303187 6387.88
337 312127 6722.16
342 324810 6383.84
347 333926 6960.77
352 343438 5958.13
357 353453 6288.04
362 359210 6907.4
367 366677 7482.56
372 377411 6182.78
377 398381 29168
382 396749 6859.23
387 407244 5988.94
392 418492 11616.1
397 428549 6460.33
402 438229 6661.66
407 445582 7919.19
412 458679 6740.53
417 468333 7885.99
422 478986 7627.13
427 493747 27764.7
432 501697 13292.6
437 505610 8941.41
442 521085 13097.5
447 531003 9244.27
452 541104 9152.67
457 555578 8079.86
462 567296 8246.03
467 576636 9089.42
472 589390 9438.46
477 600652 9805.47
482 613114 8642.19
487 624489 11167.6
492 638293 8772.17
497 648448 8994.89
