100 2.38175e+06 120983
110 2.80095e+06 38051
120 3.30407e+06 59008.5
130 3.70883e+06 31531.2
140 4.36286e+06 72037.5
150 4.84617e+06 143595
160 5.35814e+06 145569
170 5.7617e+06 107051
180 6.35778e+06 117792
190 7.00673e+06 133487
200 7.67506e+06 271368
210 7.82971e+06 80108.2
220 8.39438e+06 183847
230 8.87626e+06 143893
240 9.25198e+06 114443
250 1.00027e+07 332247
260 1.03483e+07 398444
270 1.09409e+07 212717
280 1.13183e+07 168024
290 1.21132e+07 490359
300 1.24336e+07 364470
310 1.29506e+07 441671
320 1.3395e+07 401065
330 1.40277e+07 385293
340 1.4182e+07 117685
350 1.50199e+07 149038
360 1.58779e+07 551040
370 1.57183e+07 96375.1
380 1.60958e+07 129850
390 1.65874e+07 233554
400 1.71754e+07 161236
410 1.77499e+07 263585
420 1.81892e+07 141199
430 1.86495e+07 329087
440 1.96312e+07 379559
450 1.99603e+07 312264
460 2.01967e+07 294040
470 2.09075e+07 343539
480 2.14791e+07 279632
490 2.17787e+07 291656
500 2.22285e+07 242902
510 2.28189e+07 266367
520 2.3501e+07 155813
530 2.3885e+07 376721
540 2.45616e+07 295066
550 2.51817e+07 416003
560 2.59806e+07 414482
570 2.62179e+07 297478
580 2.64355e+07 308728
590 2.66983e+07 232634
600 2.72662e+07 109430
610 2.78158e+07 208987
620 2.83764e+07 160762
630 2.88153e+07 354057
640 2.94337e+07 413416
650 3.00626e+07 643850
660 3.11797e+07 450541
670 3.1468e+07 302972
680 3.17137e+07 416586
690 3.23219e+07 314348
700 3.22281e+07 231856
710 3.28861e+07 280790
720 3.36901e+07 272075
730 3.45243e+07 200975
740 3.42392e+07 260955
750 3.48709e+07 515706
760 3.56611e+07 411267
770 3.60433e+07 314435
780 3.68134e+07 238529
790 3.81539e+07 555519
800 3.77955e+07 326360
810 3.8222e+07 479424
820 3.88477e+07 423382
830 3.98647e+07 402253
840 3.98866e+07 439057
850 4.02392e+07 357641
860 4.10905e+07 748681
870 4.14174e+07 549190
880 4.17141e+07 574725
890 4.16556e+07 362508
900 4.26518e+07 323461
910 4.31138e+07 589099
920 4.32189e+07 388414
930 4.36669e+07 274050
940 4.43824e+07 293198
950 4.49749e+07 416749
960 4.58736e+07 616653
970 4.62699e+07 507485
980 4.63551e+07 627086
990 4.67342e+07 308250
