1 576.8 11.8962
2 7250.7 466.432
3 8689 536.421
4 14158.2 669.951
5 18078 3360.48
6 32928.5 883.616
7 33009.4 841.586
8 51217.6 3041.12
9 47452.4 2225.68
10 68320.5 1989.54
11 77250.1 3784.1
12 116331 6938.82
13 107584 3285.87
14 108870 9226.37
15 172711 11486.1
16 192802 8494.27
17 218689 12153.8
18 184667 11360.4
19 309993 11989.8
20 344180 6344.19
21 376780 8523.46
22 444779 3626.44
23 414213 11726.2
24 513462 6934.55
25 376115 9541.73
26 407547 9880.4
27 620955 7288.82
28 495766 11746.3
29 750716 7916.13
30 889634 11544.4
31 721133 13303
32 841919 11708.8
33 1.14226e+06 10369.4
34 940909 14504.4
35 1.2546e+06 13906.8
36 1.26702e+06 19104.5
37 1.07432e+06 13649.5
38 1.22646e+06 17412.5
39 1.47537e+06 14439.9
40 1.26916e+06 13033.6
41 1.25862e+06 17407.5
42 1.07694e+06 21450.5
43 1.35781e+06 25530.4
44 2.14778e+06 13077.4
45 2.47275e+06 20469.1
46 1.89075e+06 24091.2
47 2.75826e+06 23208
48 1.28409e+06 19704.9
49 3.01233e+06 21880.2
50 3.40072e+06 13717.8
