1 511158 1383.81
5 1.01266e+06 7583.2
9 1.48523e+06 18620.2
13 1.95039e+06 62987.2
17 2.41486e+06 70656.6
21 2.93673e+06 134515
25 3.52083e+06 237918
29 4.08876e+06 349535
33 4.47277e+06 81123.7
37 4.99631e+06 144392
41 5.58034e+06 120367
45 6.19016e+06 72592.1
49 6.89396e+06 24446
53 7.65726e+06 77266.7
57 9.16604e+06 832485
61 9.73612e+06 729943
65 1.05922e+07 1.24458e+06
69 1.24032e+07 1.66354e+06
73 1.27798e+07 1.41452e+06
77 1.34961e+07 1.51263e+06
81 1.5108e+07 1.38208e+06
85 1.61923e+07 1.61898e+06
89 1.59928e+07 1.05758e+06
93 1.64306e+07 1.23561e+06
97 1.67222e+07 245651
101 1.91474e+07 1.79428e+06
105 1.98513e+07 1.63808e+06
109 1.93985e+07 88445.6
113 2.23217e+07 1.89821e+06
117 2.2518e+07 939844
121 2.26319e+07 291021
125 2.37782e+07 665335
129 2.51617e+07 1.41458e+06
133 2.69099e+07 1.52068e+06
137 2.80398e+07 1.85971e+06
141 3.32268e+07 2.55112e+06
145 2.90869e+07 294790
149 3.09245e+07 1.79115e+06
153 3.34997e+07 3.06483e+06
157 3.25895e+07 361856
161 3.37745e+07 358032
165 3.49637e+07 391449
169 3.6122e+07 399520
173 3.72634e+07 864622
177 3.86139e+07 475775
181 4.01038e+07 1.71186e+06
185 4.07596e+07 1.43553e+06
189 4.34864e+07 3.81527e+06
193 4.45999e+07 2.4395e+06
197 4.67596e+07 4.23443e+06
201 4.86935e+07 4.50203e+06
205 4.59718e+07 624771
209 4.76872e+07 2.197e+06
213 4.80968e+07 948931
217 4.99393e+07 2.21273e+06
221 5.06765e+07 950931
225 5.02563e+07 647980
229 5.41494e+07 4.64425e+06
233 5.35968e+07 4.03998e+06
237 5.32556e+07 500887
241 5.46593e+07 1.58752e+06
245 5.52062e+07 1.08056e+06
249 5.88406e+07 3.86582e+06
253 6.10957e+07 4.25054e+06
257 6.21185e+07 4.55455e+06
261 6.05007e+07 1.90908e+06
265 6.20587e+07 3.16168e+06
269 6.5271e+07 6.3499e+06
273 6.47889e+07 4.20502e+06
277 6.51655e+07 880426
281 6.82479e+07 3.66294e+06
285 7.06735e+07 3.11703e+06
289 7.05675e+07 3.30695e+06
293 7.02033e+07 1.32241e+06
297 7.52672e+07 5.64356e+06
