1 1.44649e+08 7.86828e+06
6 1.4175e+08 1.42651e+06
11 1.46758e+08 5.20104e+06
16 1.56066e+08 1.06317e+07
21 1.51238e+08 4.23097e+06
26 1.42836e+08 1.23957e+06
31 1.43618e+08 1.43429e+06
36 1.43884e+08 1.44147e+06
41 1.45466e+08 1.64716e+06
46 1.4827e+08 3.97557e+06
51 1.48301e+08 3.26e+06
56 1.49838e+08 2.57101e+06
61 1.50724e+08 6.00079e+06
66 1.4965e+08 3.99819e+06
71 1.55185e+08 1.02695e+07
76 1.48593e+08 2.5394e+06
81 1.50079e+08 2.8206e+06
86 1.52611e+08 4.34643e+06
91 1.52221e+08 2.40691e+06
96 1.55955e+08 6.39643e+06
101 1.57732e+08 7.74475e+06
106 1.61623e+08 9.89736e+06
111 1.54144e+08 2.64948e+06
116 1.55379e+08 5.95988e+06
121 1.58405e+08 4.72329e+06
126 1.57055e+08 5.7426e+06
131 1.61574e+08 9.56344e+06
136 1.55668e+08 2.42508e+06
141 1.56874e+08 8.42137e+06
146 1.53755e+08 1.86018e+06
151 1.53335e+08 1.29342e+06
156 1.53804e+08 2.02927e+06
161 1.61649e+08 6.98863e+06
166 1.59604e+08 4.20326e+06
171 1.56703e+08 5.26208e+06
176 1.53856e+08 1.4445e+06
181 1.54008e+08 2.15747e+06
186 1.54225e+08 1.87041e+06
191 1.54146e+08 1.33118e+06
196 1.55541e+08 2.26459e+06
