200 3062.46 60.4924
202 3197.63 30.5231
204 3064.74 75.8134
206 3164.11 16.3266
208 3075.46 21.1773
210 3187.51 30.0223
212 3057.11 23.3713
214 3167.09 37.0207
216 3070.71 25.6677
218 3062.31 21.4326
220 3168.46 41.9356
222 3060.69 8.64794
224 3187.66 38.6656
226 3064.63 72.284
228 3147.31 38.6484
230 3039.86 16.5031
232 3163.8 79.5849
234 3037.4 18.3462
236 3184.86 135.978
238 3072.89 19.1442
240 3208.26 42.7413
242 3060.46 21.8074
244 3145.4 27.7882
246 3058.63 16.1813
248 3156.83 48.326
250 3042.57 15.857
252 3166.09 45.14
254 3047.86 20.0359
256 3165.03 50.6622
258 3262.57 855.985
260 3177.31 25.8244
262 3050.34 59.265
264 3145.17 35.6222
266 3067.4 118.237
268 3167.83 43.0584
270 3063.06 49.2614
272 3131.4 28.0033
274 3031.26 18.7835
276 3152.83 59.1456
278 3104.69 186.635
280 3180.17 33.4668
282 3046.6 15.5806
284 3176.31 44.0576
286 3021 18.824
288 3172.4 24.3019
290 3042.91 17.5733
292 3167.4 26.5827
294 3064.34 13.0229
296 3158.54 42.7366
298 3125.14 337.957
300 3189.89 65.0638
302 3049.14 31.9966
304 3165.09 50.4626
306 3039.69 24.8179
308 3216.51 41.5901
310 3031.37 19.8395
312 3172.89 32.2568
314 3060.91 17.6657
316 3257.57 46.7964
318 3033.91 14.4467
320 3213.8 48.5579
322 3037.26 18.7134
324 3207.4 55.5359
326 3058.83 21.9967
328 3231.4 42.88
330 3064.51 17.5733
332 3211.11 52.0691
334 3083.83 149.431
336 3229.17 48.2443
338 3024.17 16.8463
340 3229.4 60.6329
342 3055.66 23.7667
344 3169.91 36.1421
346 3068.34 106.734
348 3240.57 25.1104
350 3049.83 26.1255
352 3186.54 60.1096
354 3036.46 20.9521
356 3173.43 31.4082
358 3041.51 22.3522
360 3233.29 49.2704
362 3064.6 67.3274
364 3209.31 49.3291
366 3072.6 12.9971
368 3232.26 39.5325
370 3032.6 18.4471
372 3172.14 42.5274
374 3077.46 32.5395
376 3183.63 48.5546
378 3051.29 16.2561
380 3258.34 16.2603
382 3062.8 42.8871
384 3353.66 856.511
386 3050.03 18.0151
388 3161.69 42.2163
390 3103.69 16.4052
392 3207.14 43.7455
394 3075.77 14.3628
396 3245.51 16.1659
398 3035.46 11.0618
