1 178866 15399.1
121 123256 99707.3
241 119661 1671.27
361 168870 1561.17
481 215158 24609.3
601 246389 5279.48
721 308927 3593.09
841 345081 6047.88
961 385774 2960.77
1081 424422 1793.78
1201 472170 2043.51
1321 506580 3147.4
1441 546765 2151.6
1561 587568 2203.94
1681 674886 43280.2
1801 716789 68888.4
1921 726322 4913.84
2041 782533 5600.63
2161 824458 4512.55
2281 868699 5718.32
2401 911175 7150.73
2521 954944 6089.51
2641 1.02948e+06 4773.89
2761 1.08007e+06 6823.36
2881 1.12306e+06 4455.26
3001 1.16762e+06 5515.48
3121 1.22318e+06 7269.99
3241 1.27173e+06 7023.07
3361 1.32041e+06 2688.4
3481 1.34556e+06 2265
3601 1.3845e+06 2531.99
3721 1.58653e+06 7781.9
3841 1.62552e+06 2634.14
3961 1.67255e+06 16308.7
4081 1.73147e+06 5668.3
4201 1.77286e+06 5400.83
4321 1.81749e+06 3344.75
4441 1.86111e+06 2587.89
4561 1.91898e+06 2615.32
4681 1.98798e+06 2133.45
4801 2.00251e+06 2141.62
4921 2.04441e+06 5223.45
5041 2.09029e+06 2301.21
5161 2.14452e+06 2978.19
5281 2.21631e+06 2509.85
5401 2.25916e+06 2548.51
5521 2.29857e+06 5039.73
5641 2.32527e+06 5507.14
5761 2.37452e+06 2894.65
5881 2.43588e+06 5163.44
6001 2.53885e+06 3227.96
6121 2.54696e+06 12399.9
6241 2.5638e+06 3318.72
6361 2.61371e+06 2348.39
6481 2.66813e+06 3371.88
6601 2.75692e+06 7207.36
6721 2.77242e+06 2286.62
6841 2.80728e+06 2592.26
6961 2.84767e+06 4041.87
7081 2.89778e+06 6050.65
7201 2.97962e+06 3387.34
7321 3.03667e+06 3118.55
7441 3.35816e+06 11854.6
7561 3.42659e+06 66676.6
7681 3.45981e+06 6336.4
7801 3.50605e+06 10369.2
7921 3.61803e+06 87772.6
8041 3.66944e+06 64964.1
8161 3.65998e+06 65718.1
8281 3.75656e+06 73042.3
8401 3.79275e+06 47401.2
8521 3.87798e+06 46059.2
8641 3.8262e+06 77247.3
8761 3.89545e+06 55639.2
8881 3.86222e+06 18403.1
9001 3.92858e+06 38912.3
9121 4.02952e+06 42619
9241 4.03305e+06 42659.4
9361 4.08197e+06 17819.5
9481 4.21029e+06 25971.2
9601 4.1808e+06 17755.3
9721 4.24193e+06 16123.5
9841 4.26651e+06 54818
9961 4.34706e+06 44858.7
10081 4.60746e+06 220293
10201 4.63892e+06 226930
10321 4.54711e+06 77025.2
10441 4.61433e+06 84353.2
10561 4.66531e+06 86273.6
10681 4.74193e+06 94361.5
10801 4.75237e+06 97004.1
10921 4.79311e+06 51783.2
11041 4.9305e+06 143052
11161 4.93938e+06 66073.3
11281 4.92339e+06 81328.9
11401 5.16554e+06 114495
11521 5.09286e+06 96150.6
11641 5.26665e+06 68767.4
11761 5.13856e+06 70259.8
11881 5.16797e+06 58260.2
12001 5.25944e+06 76441.2
12121 5.33623e+06 68913.4
12241 5.45956e+06 104000
12361 5.44453e+06 42674.5
12481 5.46347e+06 69800.6
12601 5.6005e+06 95998.7
12721 5.72831e+06 265822
12841 5.63258e+06 68832.6
12961 5.72958e+06 98352.1
13081 5.87314e+06 187668
13201 6.08114e+06 308767
13321 6.18988e+06 379894
13441 5.93177e+06 98728.6
13561 6.01979e+06 82662.8
13681 6.0245e+06 152634
13801 6.04455e+06 156831
13921 6.01472e+06 33774.4
14041 6.0797e+06 33440.4
14161 6.20692e+06 28768.7
14281 6.31161e+06 39780.8
14401 6.32984e+06 93839.3
14521 6.43381e+06 105708
14641 6.42339e+06 75735.4
14761 6.44472e+06 61418
14881 6.83861e+06 247549
15001 6.58325e+06 84610.9
15121 7.52891e+06 124279
15241 7.64926e+06 132002
15361 7.5216e+06 35668.6
15481 7.62564e+06 136453
15601 7.68765e+06 186467
15721 7.65206e+06 38236.9
15841 7.71779e+06 36778.4
15961 7.7676e+06 53559.2
16081 7.82307e+06 55936.8
16201 7.82511e+06 40178.9
16321 7.8239e+06 41884.1
16441 7.86758e+06 43762.7
16561 7.95943e+06 33029.1
16681 7.97981e+06 49682.1
16801 8.03186e+06 35915.4
16921 8.27011e+06 45615.1
17041 8.31878e+06 30758.9
17161 8.36171e+06 43068.1
17281 8.51352e+06 91413.6
17401 8.56181e+06 110193
17521 8.41745e+06 104342
17641 8.53783e+06 60251.2
17761 8.62237e+06 56407
17881 8.61354e+06 50778.4
18001 8.74844e+06 36832.4
18121 8.78784e+06 31611.8
18241 8.84208e+06 34051.8
18361 8.88313e+06 42176.1
18481 8.9014e+06 51615.9
18601 9.04492e+06 57304.8
18721 9.11813e+06 98113.6
18841 9.18659e+06 132979
18961 9.2959e+06 273038
19081 9.29977e+06 190186
19201 9.21271e+06 44997
19321 9.3388e+06 55916.5
19441 9.45796e+06 81812.2
19561 9.47373e+06 46028.8
19681 9.50939e+06 47275.9
19801 9.5097e+06 59783.2
19921 9.63507e+06 35499.5
20041 9.7715e+06 240411
20161 9.75255e+06 40586.1
20281 9.80919e+06 36285.3
20401 9.85199e+06 90969.6
20521 1.00019e+07 151863
20641 1.00012e+07 47864.2
20761 1.00329e+07 41628.5
20881 1.01776e+07 46589.9
21001 1.0161e+07 37111.1
21121 1.01418e+07 41164.1
21241 1.02731e+07 38105.3
21361 1.03393e+07 36582.1
21481 1.03968e+07 46219
21601 1.05655e+07 119848
21721 1.04624e+07 38163.1
21841 1.05587e+07 36669.7
21961 1.06295e+07 32081.4
22081 1.06871e+07 39859.1
22201 1.07575e+07 62438.5
22321 1.08324e+07 40422.4
22441 1.09081e+07 43092.7
22561 1.09167e+07 37625.1
22681 1.09372e+07 44771.4
22801 1.10743e+07 31773.6
22921 1.10982e+07 41377.5
23041 1.11602e+07 178656
23161 1.12395e+07 111585
23281 1.12736e+07 42079.9
23401 1.12913e+07 26345.2
23521 1.14313e+07 37416.6
23641 1.15149e+07 33512.7
23761 1.15405e+07 41368.5
23881 1.15801e+07 24183
24001 1.16699e+07 35325.1
24121 1.17755e+07 160247
24241 1.18223e+07 29365.2
24361 1.19758e+07 35973.5
24481 1.19279e+07 40389.3
24601 1.18837e+07 26655.8
24721 1.20264e+07 35556.6
24841 1.20753e+07 56026.9
24961 1.2064e+07 27684.1
25081 1.22e+07 42183.9
25201 1.22439e+07 33740.5
25321 1.2268e+07 110027
25441 1.23938e+07 97011
25561 1.24664e+07 105916
25681 1.26286e+07 64949.3
25801 1.25669e+07 44752.1
25921 1.26338e+07 37362.7
26041 1.27309e+07 40335.7
26161 1.27249e+07 43522.3
26281 1.2938e+07 44011
26401 1.30937e+07 185383
26521 1.2911e+07 51023.9
26641 1.30024e+07 46517.7
26761 1.30802e+07 37935.4
26881 1.30953e+07 60023.1
27001 1.32265e+07 52313.9
27121 1.32803e+07 40393.2
27241 1.32696e+07 40190.4
27361 1.33811e+07 36648.4
27481 1.34579e+07 96461.4
27601 1.36556e+07 218537
27721 1.37351e+07 43187.7
27841 1.3677e+07 31590.4
27961 1.37331e+07 38704.6
28081 1.37661e+07 46313.9
28201 1.39145e+07 48615.1
28321 1.40496e+07 59166.9
28441 1.41071e+07 191285
28561 1.40777e+07 41161.6
28681 1.41367e+07 35699.3
28801 1.41607e+07 44271.9
28921 1.42778e+07 38146.3
29041 1.43342e+07 34152.5
29161 1.43424e+07 46365.8
29281 1.46141e+07 483334
29401 1.44892e+07 94878.6
29521 1.46522e+07 172383
29641 1.47187e+07 138936
29761 1.48253e+07 32674.4
29881 1.48073e+07 31962.3
