1 15648.6 2524.68
11 59491.2 5078.18
21 129549 4632.34
31 222334 3041.8
41 346508 4179.12
51 503009 1453.63
61 700258 3751.71
71 893833 13847.7
81 1.20159e+06 28780.8
91 1.41734e+06 26074.1
101 1.74217e+06 19361.6
111 2.01254e+06 66140.2
121 2.30947e+06 6367.73
131 2.66691e+06 2427.39
141 3.04609e+06 4492.18
151 3.44387e+06 4034.26
161 3.88574e+06 21540.4
171 4.37445e+06 29038.2
181 4.88787e+06 38677.1
191 5.37572e+06 18261.4
201 5.91485e+06 67048.8
211 6.43127e+06 2932.82
221 7.00295e+06 13871.6
231 7.572e+06 4554.81
241 8.19053e+06 10582.2
251 9.06377e+06 18006.4
261 9.73821e+06 7548.51
271 1.04402e+07 6596.9
281 1.11969e+07 78125.7
291 1.19358e+07 18420.9
301 1.27798e+07 17950.3
311 1.36148e+07 10854.4
321 1.44542e+07 29588.3
331 1.53396e+07 12020
341 1.62354e+07 49864.8
351 1.75371e+07 491532
361 1.82095e+07 154714
371 1.92708e+07 107785
381 2.02855e+07 23943.5
391 2.13341e+07 169047
401 2.23939e+07 26475
411 2.34622e+07 25796.2
421 2.46396e+07 51248.4
431 2.56725e+07 95996
441 2.68555e+07 27925.2
451 2.81075e+07 79576.6
461 2.93058e+07 35928.4
471 3.05978e+07 30818.7
481 3.18768e+07 123290
491 3.33458e+07 404146
501 3.45787e+07 110635
511 3.67736e+07 107030
521 3.81775e+07 68618.5
531 3.94112e+07 106315
541 4.07587e+07 43043.5
551 4.2293e+07 96001.9
561 4.3904e+07 80902.2
571 4.56335e+07 164480
581 4.7039e+07 147744
591 4.87854e+07 442801
601 5.05777e+07 160701
611 5.20464e+07 142993
621 5.39854e+07 194131
631 5.52834e+07 103332
641 5.72288e+07 400656
651 5.89026e+07 192030
661 6.06881e+07 163522
671 6.25058e+07 227628
681 6.43002e+07 111122
691 6.61456e+07 171211
701 6.80337e+07 192110
711 7.01976e+07 270793
721 7.21885e+07 494574
731 7.38349e+07 141329
741 7.61664e+07 140377
751 7.82743e+07 213633
761 8.02322e+07 156696
771 8.2105e+07 257796
781 8.44469e+07 247648
791 8.64642e+07 190166
801 8.87383e+07 280607
811 9.07462e+07 266608
821 9.28347e+07 201012
831 9.49906e+07 338266
841 9.6944e+07 171086
851 9.93111e+07 195303
861 1.01621e+08 353848
871 1.04078e+08 334482
881 1.06418e+08 203245
891 1.08821e+08 277559
901 1.1076e+08 255265
911 1.13296e+08 254976
921 1.15948e+08 327112
931 1.18395e+08 295407
941 1.20994e+08 332020
951 1.23532e+08 336256
961 1.25834e+08 384675
971 1.28289e+08 442525
981 1.30943e+08 317636
991 1.33214e+08 319171
