1 492147 74023.7
556 740128 9556.93
1111 1.15553e+06 13726.6
1666 1.63811e+06 54495.1
2221 2.03202e+06 32682.6
2776 2.489e+06 18773.7
3331 3.04757e+06 15671
3886 3.4451e+06 75458.1
4441 3.84144e+06 6373.84
4996 4.24071e+06 6539.02
5551 4.64881e+06 6262.94
6106 5.09342e+06 75181.2
6661 5.49825e+06 110711
7216 6.31112e+06 69761
7771 6.77845e+06 102307
8326 7.24413e+06 228831
8881 7.65406e+06 37931.6
9436 8.10274e+06 51045.3
9991 8.58486e+06 44870.8
10546 9.13729e+06 77889.1
11101 9.66881e+06 393124
11656 1.00545e+07 188055
12211 1.04812e+07 54114.4
12766 1.10196e+07 59117.3
13321 1.15276e+07 81000.7
13876 1.21414e+07 480478
14431 1.24307e+07 84095.6
14986 1.38867e+07 111620
15541 1.47986e+07 592564
16096 1.51913e+07 159450
16651 1.58171e+07 75053.9
17206 1.66745e+07 502671
17761 1.76361e+07 375785
18316 1.85346e+07 424189
18871 1.95271e+07 776194
19426 1.99586e+07 279079
19981 2.05461e+07 252244
20536 2.17997e+07 840275
21091 2.11963e+07 87011.9
21646 2.20631e+07 729968
22201 2.36599e+07 410511
22756 2.44295e+07 870108
23311 2.50489e+07 306653
23866 2.58556e+07 609028
24421 2.60102e+07 713686
24976 2.64472e+07 587134
25531 2.70335e+07 123169
26086 2.87482e+07 819039
26641 2.96642e+07 573594
27196 3.02441e+07 364228
27751 3.12669e+07 805723
28306 3.13567e+07 967315
28861 3.24937e+07 352253
29416 3.33441e+07 1.07606e+06
29971 3.41115e+07 798924
30526 3.71269e+07 599795
31081 3.7468e+07 1.13838e+06
31636 3.86129e+07 1.44055e+06
32191 3.92907e+07 1.06823e+06
32746 4.01556e+07 627219
33301 4.13684e+07 511047
33856 4.21176e+07 732560
34411 4.34459e+07 1.3322e+06
34966 4.43915e+07 872718
35521 4.5098e+07 942364
36076 4.59699e+07 1.10256e+06
36631 4.74777e+07 676737
37186 4.79184e+07 767726
37741 4.85728e+07 959309
38296 4.93913e+07 911597
38851 5.04377e+07 1.27466e+06
39406 5.15274e+07 917843
39961 5.21951e+07 991968
40516 5.31037e+07 753527
41071 5.38405e+07 880535
41626 5.51037e+07 1.51265e+06
42181 5.54398e+07 594728
42736 5.67032e+07 1.15053e+06
43291 5.74598e+07 737618
43846 5.7946e+07 570772
44401 5.88301e+07 702531
44956 6.01636e+07 1.51283e+06
45511 6.07895e+07 816183
46066 6.12163e+07 589728
46621 6.27087e+07 1.65368e+06
47176 6.32759e+07 871590
47731 6.41883e+07 1.22505e+06
48286 6.50043e+07 1.03711e+06
48841 6.59609e+07 720786
49396 6.65807e+07 1.29518e+06
49951 6.77387e+07 1.14997e+06
50506 6.85872e+07 1.23876e+06
51061 6.98137e+07 1.8599e+06
51616 7.03552e+07 1.61561e+06
52171 7.13176e+07 1.96195e+06
52726 7.19271e+07 1.30979e+06
53281 7.27791e+07 1.08536e+06
53836 7.34274e+07 1.27882e+06
54391 7.50906e+07 1.49974e+06
54946 7.51973e+07 1.05613e+06
